3 0.42013888888888884 0.7131944444444445 0.11249999999999999 0.0708333333333333
3 0.23958333333333331 0.7076388888888889 0.11250000000000002 0.0708333333333333
3 0.7756944444444445 0.6006944444444444 0.22083333333333333 0.09027777777777779
3 0.55 0.8145833333333333 0.10277777777777775 0.13749999999999996
3 0.7138888888888889 0.7923611111111111 0.18611111111111112 0.20138888888888895
3 0.9069444444444444 0.836111111111111 0.18611111111111112 0.14166666666666672
3 0.2125 0.8736111111111111 0.08888888888888885 0.06388888888888888
3 0.3125 0.7958333333333333 0.11944444444444446 0.06388888888888888
3 0.2972222222222222 0.8805555555555555 0.14444444444444446 0.0888888888888889
3 0.09097222222222222 0.71875 0.17916666666666667 0.10138888888888897
