2 0.1951388888888889 0.8625 0.16805555555555557 0.13611111111111118
2 0.46805555555555556 0.7625 0.14999999999999997 0.036111111111111094
3 0.3284722222222222 0.7659722222222223 0.09583333333333333 0.06527777777777788
3 0.28541666666666665 0.8902777777777777 0.0763888888888889 0.047222222222222165
3 0.12708333333333333 0.9763888888888889 0.07638888888888888 0.047222222222222276
3 0.04097222222222223 0.8680555555555556 0.07916666666666668 0.07222222222222219
3 0.09583333333333334 0.8055555555555556 0.1527777777777778 0.05555555555555558
3 0.46249999999999997 0.8034722222222223 0.10277777777777775 0.12083333333333335
3 0.5645833333333333 0.7083333333333333 0.043055555555555625 0.030555555555555558
3 0.5041666666666667 0.6465277777777778 0.04999999999999999 0.05138888888888893
3 0.2048611111111111 0.8708333333333333 0.16527777777777775 0.11111111111111116
0 0.5951388888888889 0.7972222222222223 0.056944444444444464 0.17222222222222217
0 0.7048611111111112 0.7833333333333334 0.16527777777777775 0.21944444444444444
