3 0.8895833333333334 0.8013888888888889 0.19027777777777788 0.05555555555555558
3 0.4701388888888889 0.726388888888889 0.10416666666666669 0.08333333333333337
3 0.34097222222222223 0.7611111111111111 0.06805555555555554 0.06388888888888888
3 0.22569444444444448 0.8569444444444444 0.06805555555555556 0.06388888888888888
3 0.2895833333333333 0.6895833333333334 0.04305555555555557 0.03194444444444444
3 0.15902777777777777 0.8256944444444445 0.04305555555555554 0.03194444444444444
3 0.0875 0.8388888888888889 0.058333333333333334 0.04166666666666674
2 0.7326388888888888 0.8243055555555555 0.1069444444444444 0.05972222222222223
3 0.2715277777777778 0.9159722222222222 0.20416666666666666 0.1069444444444444
2 0.12569444444444444 0.8763888888888889 0.24861111111111112 0.21944444444444444
2 0.36388888888888893 0.8173611111111111 0.18055555555555552 0.07916666666666661
3 0.5687500000000001 0.6034722222222222 0.10416666666666663 0.04583333333333328
0 0.6013888888888889 0.8083333333333333 0.05277777777777781 0.09722222222222221
