2 0.16333333333333336 0.71 0.28 0.13
1 0.44500000000000006 0.49416666666666664 0.3166666666666667 0.05499999999999994
1 0.5758333333333333 0.3416666666666667 0.3383333333333333 0.03666666666666668
1 0.5008333333333334 0.2875 0.17500000000000004 0.03833333333333333
1 0.8591666666666666 0.23583333333333334 0.265 0.03833333333333333
1 0.8016666666666667 0.4033333333333333 0.3966666666666666 0.03999999999999998
1 0.9625 0.4241666666666667 0.07499999999999996 0.028333333333333377
0 0.9058333333333333 0.5841666666666667 0.18833333333333335 0.16166666666666674
0 0.7224999999999999 0.7016666666666667 0.5549999999999999 0.15666666666666673
1 0.6258333333333332 0.22666666666666668 0.18833333333333335 0.033333333333333354
