0 0.45166666666666666 0.4741666666666666 0.11000000000000004 0.27166666666666667
3 0.7608333333333334 0.3425 0.06833333333333336 0.038333333333333386
3 0.6141666666666666 0.3158333333333333 0.04833333333333334 0.041666666666666685
1 0.36083333333333334 0.3633333333333333 0.185 0.04999999999999999
1 0.665 0.61 0.3333333333333333 0.06000000000000005
0 0.9683333333333333 0.4658333333333333 0.05999999999999994 0.09499999999999997
0 0.6583333333333333 0.1675 0.09666666666666668 0.12166666666666666
0 0.5316666666666667 0.2683333333333333 0.043333333333333335 0.08333333333333334
1 0.935 0.29333333333333333 0.13 0.033333333333333326
3 0.8474999999999999 0.29833333333333334 0.04166666666666663 0.030000000000000027
1 0.48083333333333333 0.2833333333333333 0.065 0.020000000000000018
