0 0.43833333333333335 0.17416666666666666 0.04999999999999999 0.09166666666666667
0 0.6541666666666667 0.23166666666666666 0.03166666666666673 0.0633333333333333
0 0.3933333333333333 0.5283333333333333 0.13666666666666666 0.49333333333333335
1 0.33666666666666667 0.285 0.21333333333333335 0.043333333333333335
1 0.6183333333333334 0.3408333333333333 0.2833333333333333 0.041666666666666685
1 0.84 0.2575 0.31666666666666665 0.051666666666666666
1 0.8741666666666666 0.345 0.2416666666666667 0.07
1 0.5758333333333333 0.26666666666666666 0.195 0.046666666666666634
1 0.2808333333333333 0.5700000000000001 0.19833333333333333 0.043333333333333335
1 0.7083333333333333 0.6908333333333333 0.5833333333333333 0.14500000000000002
