2 0.37833333333333335 0.44083333333333335 0.56 0.5683333333333334
0 0.4033333333333333 0.235 0.10333333333333333 0.17
1 0.6541666666666667 0.4916666666666667 0.10166666666666657 0.030000000000000027
1 0.5283333333333333 0.41666666666666663 0.21999999999999997 0.03666666666666668
1 0.6791666666666667 0.19833333333333333 0.15500000000000003 0.04999999999999999
1 0.6733333333333333 0.24916666666666665 0.17999999999999994 0.02833333333333332
1 0.6733333333333333 0.2858333333333334 0.1433333333333333 0.021666666666666667
1 0.7433333333333334 0.33416666666666667 0.15000000000000002 0.03500000000000003
1 0.7383333333333333 0.38416666666666666 0.1266666666666666 0.025000000000000022
0 0.6816666666666666 0.14666666666666667 0.030000000000000027 0.06
