3 0.5166666666666666 0.86 0.20666666666666667 0.05666666666666664
3 0.6975 0.8683333333333334 0.15833333333333333 0.07333333333333336
1 0.8708333333333333 0.8791666666666667 0.21500000000000008 0.04833333333333334
1 0.8291666666666666 0.7833333333333333 0.30833333333333324 0.023333333333333428
1 0.7658333333333334 0.7233333333333334 0.21499999999999997 0.026666666666666727
2 0.43416666666666665 0.7091666666666667 0.16833333333333333 0.04833333333333323
1 0.2033333333333333 0.8566666666666667 0.39999999999999997 0.05666666666666664
0 0.3833333333333333 0.5549999999999999 0.02999999999999997 0.023333333333333317
1 0.1925 0.6016666666666666 0.08166666666666667 0.033333333333333326
1 0.06666666666666667 0.655 0.12333333333333332 0.053333333333333344
2 0.6258333333333334 0.6791666666666667 0.03833333333333333 0.04166666666666663
