0 0.265286301369863 0.5845963796477496 0.009854794520547994 0.01593444227005869
1 0.25609315068493155 0.7651198630136986 0.4254301369863014 0.06549412915851271
1 0.2644123287671233 0.600802348336595 0.07370136986301368 0.03148727984344435
0 0.22348493150684928 0.5962548923679061 0.06935342465753422 0.06716731898238759
0 0.35423013698630135 0.5499657534246576 0.018158904109589036 0.03813111545988257
0 0.33192191780821917 0.5467612524461839 0.006802739726027407 0.031046966731898218
1 0.33145753424657537 0.5873874755381605 0.03306849315068494 0.027553816046966717
0 0.3068246575342466 0.5504990215264187 0.004986301369863055 0.013356164383561575
0 0.3716041095890411 0.5688649706457927 0.008315068493150668 0.011135029354207515
0 0.06928630136986301 0.73212084148728 0.12224931506849315 0.09907534246575345
0 0.16943698630136986 0.6527764187866927 0.08087397260273971 0.05793052837573398
0 0.35866575342465756 0.6165459882583171 0.01763287671232877 0.07416829745596865
