0 0.26192835575075485 0.6371362077413033 0.05030743892396369 0.04431651151396365
0 0.46296184463354384 0.6539857912787849 0.007186384847653049 0.01574228319451243
0 0.5748174581388965 0.8790617344439 0.06961844633543779 0.11083292503674669
2 0.4008317320889377 0.5567123958843704 0.018133406533077157 0.04184223419892219
0 0.4413985726049959 0.7588878000979912 0.06493823771616802 0.3472905438510534
0 0.37464177875377436 0.5599510044096032 0.006049958825144086 0.014169524742772999
0 0.3471369750205874 0.5567099461048506 0.040076859730990955 0.03846643802057814
0 0.4441792478726324 0.6452400783929446 0.019925885259401588 0.020406663400293956
0 0.3983928081251716 0.7367442430181284 0.022626955805654658 0.21746692797648204
0 0.41954021410925063 0.5562371386575209 0.011910513313203364 0.03576678098971098
0 0.3391380730167445 0.6050097991180794 0.020285479000823503 0.03323370896619293
0 0.2981896788361241 0.6050661440470357 0.033974746088388685 0.03148456638902508
0 0.5204858632994784 0.8286844683978443 0.057858907493823775 0.1947917687408135
1 0.27843810046664835 0.6901445369916708 0.1617732637935767 0.030225379715825618
