0 0.23025802909689816 0.7848309652131307 0.0291078781224266 0.0658892699657031
0 0.23030057644798244 0.5882263596276336 0.0352813615152347 0.032885840274375355
0 0.360735657425199 0.6935031847133758 0.037628328300851 0.10075453209211171
0 0.4336027998902004 0.9273934345908869 0.00790282734010428 0.050377266046055746
0 0.5522152072467746 0.9521117099461048 0.03946747186384858 0.08731994120529141
0 0.18894866867965965 0.6067711905928466 0.015295086467197377 0.020989710926016536
0 0.27631896788361243 0.7110705536501715 0.020614877847927537 0.06414012738853514
1 0.2975144111995608 0.981513963743263 0.055039802360691725 0.036972072513473786
0 0.31515509195717817 0.6463204311611954 0.017875377436179007 0.09707006369426752
0 0.31731814438649464 0.85031112199902 0.011287400494098265 0.0534002939735424
0 0.31609387867142463 0.9411954924056835 0.0206972275597036 0.04030377266046048
0 0.33488745539390613 0.6040837824595786 0.03485863299478453 0.06801077902988739
0 0.4739171012901455 0.7854434100930916 0.026813066154268428 0.05121999020088186
0 0.27587565193521824 0.8538731014208721 0.027754597858907437 0.03358647721705044
0 0.4533584957452649 0.8699608035276825 0.020321163875926418 0.060450759431651124
0 0.5004707658523195 0.7757888290053896 0.02874279440021954 0.051215090641842376
0 0.44543370848202035 0.703579127878491 0.01500686247598132 0.05205781479666838
0 0.19227559703541036 0.5924277315041646 0.012544606093878669 0.013292503674669387
0 0.24363024979412573 0.8547109260166585 0.02065056272303048 0.025188633023027984
3 0.4445100192149327 0.975110240078393 0.04043370848202027 0.04194022537971587
