0 0.5566840516058194 0.8778049975502205 0.0710787812242657 0.2392944634982851
0 0.3628534175130387 0.6775502204801568 0.01176228383200656 0.01847133757961794
1 0.2631512489706286 0.9168471337579618 0.03626681306615426 0.015115139637432717
0 0.32830222344221793 0.799718275355218 0.04332418336535826 0.04617834394904463
0 0.4127628328300851 0.6767123958843704 0.017405984079055747 0.03190592846643803
0 0.5378671424650013 0.7510191082802548 0.033444962942629664 0.07640372366487025
0 0.32186110348613783 0.59421852033317 0.02287125995059014 0.02155805977462033
0 0.23798380455668405 0.6834296913277804 0.06966511117211091 0.0688486036256738
0 0.47248009881965414 0.968483586477217 0.008984353554762459 0.057937285644292014
0 0.2763162228932199 0.8186085252327291 0.04566566017018936 0.06717295443410087
0 0.49861240735657425 0.722890739833415 0.03669228657699708 0.07557079862812344
0 0.4492190502333242 0.6897256246937775 0.011290145484490755 0.031063204311612025
0 0.2802937139720011 0.69265556099951 0.054575898984353555 0.06211660950514453
0 0.4614040625857809 0.9050930916217541 0.011290145484490866 0.03862322390984807
0 0.5056450727422453 0.888297403233709 0.015100192149327452 0.04198432141107289
0 0.25844633543782597 0.7464012738853503 0.027801262695580586 0.05205781479666827
0 0.3911021136426023 0.6523615874571288 0.024037880867416928 0.04030377266046048
0 0.42505352731265444 0.6206173444390004 0.02095525665660175 0.038294953454189096
0 0.2668597309909415 0.6083610975012248 0.016360142739500427 0.013116119549240524
0 0.20693796321712876 0.6653772660460558 0.11294262970079608 0.09487996080352756
2 0.3030510568213011 0.5820847623713865 0.032893219873730506 0.02699167074963249
0 0.3347927532253637 0.6057398334149926 0.006049958825144086 0.016869181773640385
0 0.24574800988196543 0.6157471827535521 0.05335712325006861 0.04033317001469883
0 0.6039829810595663 0.9197844194022538 0.07432335986824046 0.14861342479176887
0 0.44246500137249517 0.8916952474277315 0.023771616799341255 0.21268985791278783
0 0.07522371671699149 0.7837628613424792 0.14963491627779302 0.1536501714845665
