0 0.5242245402141092 0.9118079372856442 0.0841559154542959 0.16456638902498788
0 0.38146307987922046 0.604921607055365 0.04143288498490255 0.054576188143067084
0 0.4085300576447983 0.5864502694757472 0.032459511391710105 0.09655560999510038
0 0.14046115838594564 0.9281234688878001 0.09700796047213833 0.13787359137677613
1 0.17612544606093877 0.805595296423322 0.3504995882514411 0.13350318471337574
0 0.3090159209442767 0.8442160705536501 0.13458413395553118 0.3098236158745714
0 0.28573016744441393 0.6326310632043116 0.08142465001372495 0.06296913277804994
0 0.44778479275322536 0.9013130818226359 0.08932747735382929 0.19059284664380205
1 0.2807905572330497 0.6838486036256737 0.19573428493000278 0.01259676629103379
2 0.42665385671150147 0.7363057324840765 0.11007411474059842 0.20656540911317978
0 0.16648229481196816 0.7459799118079373 0.05546253088114189 0.054576188143067195
