1 0.25742657150699966 0.9451053405193532 0.501765028822399 0.05324840764331218
0 0.2821438374965688 0.6388290053895149 0.011704639033763453 0.019921607055365054
0 0.4359525116662092 0.6599167074963252 0.004899807850672511 0.017491425771680613
0 0.5098064781773264 0.9163498285154337 0.08134230030194894 0.16730034296913276
0 0.4109072193247324 0.5816854483096521 0.014699423552017532 0.04081332680058791
0 0.3825953884161406 0.5982067613914748 0.026135053527312657 0.06608525232729057
0 0.2815166071918748 0.7383831455169034 0.07726324457864395 0.1490347868691818
0 0.47874004940982706 0.7215090641842234 0.03266538567115018 0.036148946594806386
1 0.33727010705462535 0.6410142087212151 0.11215756244853142 0.0340127388535032
0 0.2129151797968707 0.8524301812836844 0.04825693110074111 0.08326310632043121
0 0.38518254186110346 0.6441229789318962 0.011704639033763342 0.028667319941205305
0 0.4480647817732638 0.695560999510044 0.008493000274499007 0.039069083782459546
0 0.4511364260225089 0.8445369916707497 0.034954707658523265 0.057138657520823144
0 0.09595388416140543 0.8576506614404704 0.19190776832281087 0.22250367466927978
0 0.4110925061762284 0.9668324350808427 0.01254460609387864 0.06157275845173937
0 0.35678149876475435 0.7859603135717785 0.029440021959923124 0.07066634002939742
0 0.37953609662366183 0.8681749142577169 0.02704913532802633 0.10075943165115142
0 0.16509058468295362 0.9524889759921606 0.04668954158660446 0.08885840274375312
0 0.2554666483667307 0.673811856932876 0.04001921493274774 0.040333170014698716
0 0.422613230853692 0.6169132778049975 0.01197913807301676 0.029642332190102927
0 0.34121740323908867 0.6184198922097012 0.021506999725500964 0.030607545320921137
0 0.47841476804831184 0.8025453209211171 0.10323085369201213 0.15511513963743262
0 0.426424650013725 0.73624938755512 0.038383200658797745 0.12924546790788827
0 0.1269681581114466 0.7715899069083783 0.05367279714520999 0.0570945614894659
