0 0.273734559429042 0.6599191572758452 0.033914356299752924 0.030225379715825618
1 0.23751303870436452 0.5788951494365507 0.042382651660719195 0.01259676629103379
0 0.267386769146308 0.6066021558059775 0.018385945649190272 0.06801077902988728
0 0.20973648092231678 0.567138657520823 0.013170463903376312 0.05121999020088197
1 0.3558440845457041 0.6998015678588927 0.24131759538841616 0.017633512983831423
0 0.1690694482569311 0.6204556589906909 0.06825693110074116 0.07388535031847132
0 0.3280908591819929 0.6683145516903479 0.03339829810595657 0.06381185693287605
0 0.34692835575075487 0.6101984321411074 0.021559154542959147 0.03615384615384609
0 0.25585918199286306 0.6238143067123959 0.005690365083722171 0.021827535521802943
0 0.11285753499862751 0.8668887800097992 0.17785890749382377 0.2544047035766781
0 0.3511405435080977 0.9470725134737873 0.03904199835300581 0.0990739833414993
0 0.28031979138073015 0.6032435080842724 0.0075734284930003 0.02602645761881428
0 0.349964315124897 0.7753674669279764 0.08655503705737028 0.14525722684958364
0 0.2424553939061213 0.665374816266536 0.026865220971726583 0.046183243508084226
0 0.2135190776832281 0.7140813326800588 0.03955531155640954 0.04952474277315044
0 0.09592094427669504 0.8505071043606075 0.1910293713972001 0.24182753552180314
