0 0.36681992863024976 0.612219500244978 0.054468844359044755 0.047006369426751626
1 0.2637922042272852 0.6179495345418913 0.032300301948943205 0.007893189612934726
0 0.05075075487235794 0.774078882900539 0.0976255833104584 0.08226849583537477
0 0.1336810321163876 0.6928809407153356 0.0706286027998902 0.06731014208721209
0 0.29589074938237714 0.5945908868201861 0.026335437825967645 0.08653601175894166
1 0.28299203952786167 0.6854017638412542 0.20057644798243204 0.013890249877510974
1 0.4263766126818556 0.8184149926506614 0.08260225089212192 0.01282214600685938
1 0.23184600603897887 0.6544194022537971 0.11971177600878402 0.009612934835864895
1 0.3422797145209992 0.9706589906908378 0.43515509195717816 0.05021558059774611
1 0.09297831457589899 0.8152106810387065 0.1675981334065331 0.017094561489465976
0 0.35514822948119684 0.7751469867711906 0.05027998902003844 0.039534541891229846
