0 0.42568356164383564 0.6440019569471624 0.00501095890410963 0.021056751467710355
0 0.4376013698630137 0.6433928571428571 0.007482191780821934 0.02712818003913897
0 0.3255123287671233 0.6441487279843444 0.016054794520547977 0.02866927592954993
0 0.33494520547945206 0.5615753424657535 0.006000000000000005 0.006751467710371828
0 0.409513698630137 0.5944740704500978 0.07542739726027403 0.015181017612524439
0 0.3883150684931507 0.8899706457925636 0.04183561643835615 0.04197651663405089
0 0.3895054794520548 0.5360591976516634 0.0077726027397260755 0.012304305283757255
0 0.1688082191780822 0.949853228962818 0.04704109589041097 0.09579256360078281
1 0.29258904109589046 0.6623679060665362 0.26149041095890413 0.01943248532289632
0 0.3044246575342465 0.6864187866927592 0.022312328767123246 0.04713307240704512
0 0.43351917808219176 0.6768003913894325 0.0065780821917807986 0.038874755381604675
1 0.4116958904109589 0.6319031311154599 0.04369863013698633 0.004217221135029425
