0 0.46142739500411745 0.9479274865262126 0.024507274224540188 0.10414502694757466
1 0.38286851496019764 0.6406075453209211 0.08848202031292896 0.013434590886820308
0 0.4332020312928905 0.9306981871631553 0.030153719461981865 0.04617834394904463
0 0.41440982706560525 0.8576531112199902 0.033870436453472486 0.10159725624693783
0 0.27255970354103765 0.7825036746692797 0.1491655229206698 0.2972268495835376
2 0.108858083996706 0.9248236158745713 0.1811528959648641 0.14525722684958353
0 0.09168816909140817 0.7774669279764821 0.13082075212736755 0.13769720725134738
0 0.17989020038429865 0.7023199412052916 0.08424924512764204 0.08480646741793241
0 0.4597804007685973 0.7254115629593336 0.027801262695580586 0.03358647721705044
0 0.44402141092506175 0.8362420382165605 0.02262421081526217 0.1410583047525723
0 0.038978863573977486 0.8114723174914258 0.07056272303046938 0.06801077902988728
0 0.4075651935218227 0.6053429691327781 0.013686522097172693 0.0990739833414992
0 0.5186041723853967 0.8929152376286135 0.058800439198462895 0.2124252817246448
0 0.43273126544057094 0.7102964233219011 0.01698051056821298 0.1141940225379715
