0 0.19007808219178085 0.7529231898238748 0.009071232876712326 0.013361056751467815
1 0.3652876712328767 0.7776174168297456 0.08778082191780823 0.06364970645792556
0 0.36332876712328765 0.6114383561643835 0.03526575342465754 0.0811643835616439
0 0.3063191780821918 0.9119545009784735 0.04897808219178085 0.16582681017612522
0 0.0091013698630137 0.8975269080234833 0.015989041095890413 0.020151663405088116
0 0.34507397260273975 0.665949119373777 0.013172602739726036 0.031986301369863024
1 0.37354246575342465 0.7070474559686888 0.06281095890410959 0.05344911937377694
1 0.1915123287671233 0.8825709393346379 0.3828164383561644 0.15463307240704494
0 0.07445753424657534 0.812725048923679 0.08181369863013699 0.07892367906066533
0 0.41309178082191783 0.7846135029354208 0.018024657534246535 0.107054794520548
0 0.5114397260273973 0.8486350293542074 0.0642602739726027 0.2448923679060666
0 0.41054520547945206 0.618087084148728 0.019199999999999995 0.11824853228962817
0 0.4511041095890411 0.7674828767123287 0.02195616438356157 0.08538649706457924
0 0.1876972602739726 0.7310567514677104 0.032879452054794506 0.023082191780821826
0 0.49811780821917806 0.9638502935420743 0.014887671232876654 0.07229941291585129
0 0.4397356164383562 0.8461863992172212 0.015673972602739727 0.07766634050880628
0 0.5627698630136987 0.9732950097847358 0.014887671232876709 0.05340998043052836
0 0.2569479452054795 0.7265362035225049 0.06856986301369863 0.11265166340508803
0 0.42614931506849313 0.7141340508806262 0.005668493150684961 0.06033268101761258
0 0.046952054794520554 0.870660469667319 0.0409068493150685 0.036947162426614555
0 0.3261054794520548 0.6198361056751468 0.03134520547945213 0.058772015655577325
0 0.42837260273972605 0.6530699608610567 0.02351232876712328 0.04828277886497068
1 0.07030821917808219 0.8975171232876713 0.11292328767123289 0.02794031311154599
0 0.30945205479452054 0.7587255381604696 0.06073424657534243 0.15183463796477492
0 0.18034520547945204 0.839187866927593 0.050153424657534224 0.06506849315068486
