1 0.25964383561643833 0.9531971624266145 0.07480547945205482 0.0856409001956947
0 0.44525342465753426 0.8161448140900196 0.009794520547945218 0.05597847358121333
2 0.40394794520547944 0.7356800391389433 0.027101369863013702 0.11194716242661451
0 0.47235479452054796 0.8117710371819962 0.020243835616438333 0.05539138943248523
0 0.33236027397260276 0.6867808219178082 0.07570136986301368 0.052054794520548064
0 0.3253068493150685 0.808529843444227 0.055013698630137 0.18807729941291573
1 0.3814246575342466 0.880146771037182 0.1679068493150685 0.07892367906066544
0 0.3920315068493151 0.8441340508806262 0.016326027397260356 0.04431506849315081
1 0.4117205479452055 0.6488038160469667 0.09403835616438355 0.025073385518591063
0 0.1950630136986301 0.8148238747553816 0.19512876712328764 0.20403131115459883
