0 0.3795772714795498 0.812327290543851 0.047104035135876965 0.3753454189122979
0 0.47674718638484764 0.8092601665850074 0.0744825693110075 0.15976482116609503
0 0.45217128740049406 0.620046545810877 0.01474608838869057 0.02125918667319948
0 0.2876351907768323 0.614578637922587 0.09361240735657422 0.08563939245467911
0 0.38315673895141367 0.6188878000979912 0.02254186110348616 0.09387555120039204
0 0.4330771342300302 0.6055365017148456 0.00945374691188583 0.021254287114159665
0 0.452042272852045 0.9361587457128858 0.022580290968981565 0.12258696717295448
0 0.4323195168816909 0.6317148456638904 0.015679385122152 0.04373346398824107
0 0.4167252264617074 0.5532361587457129 0.012665385671150164 0.030705536501714814
0 0.4570848202031293 0.8160901518863302 0.11598133406533073 0.3677609015188633
0 0.1598133406533077 0.9152131308182263 0.1090310183914356 0.16957373836354728
0 0.4504515509195718 0.6658255756981872 0.009472961844633532 0.033816756491915734
0 0.43362613230853697 0.6996423321901029 0.013719461981883063 0.03964723174914264
0 0.42317320889376886 0.5850685938265556 0.011759538841614015 0.034399804017638425
0 0.40537057370299207 0.5876923076923077 0.02188580839967058 0.03731504164625177
0 0.2631745813889651 0.7254091131798139 0.13876749931375237 0.22334149926506608
