0 0.4567224814713149 0.9693214110730035 0.014158660444688442 0.051215090641842376
0 0.42474197090310184 0.6426163645271925 0.022868514960197595 0.06822146006859386
0 0.46474334339829815 0.6497599216070553 0.043277518528685166 0.0965605095541402
0 0.42944551194070824 0.5860607545320922 0.007515783694757083 0.025654091131798062
0 0.31171287400494097 0.690720235178834 0.012412846555037105 0.04547770700636955
0 0.2234531979138073 0.6533561979421852 0.03566291517979686 0.03352278294953459
0 0.3842190502333242 0.7148015678588926 0.01963217128740047 0.044899559039686454
0 0.16100603897886356 0.7101347378735914 0.09189953335163328 0.08138657520823134
0 0.40911199560801537 0.594857912787849 0.005646445237441733 0.01991670749632546
0 0.0497227559703541 0.7809921607055366 0.08698874553939061 0.07556589906908362
0 0.2744949217677738 0.6101126898579128 0.01687894592368927 0.019921607055364943
