0 0.5886136986301369 0.9105430528375734 0.05407123287671223 0.13014677103718197
0 0.5373643835616438 0.8265802348336595 0.02209863013698632 0.04281800391389434
0 0.38633424657534243 0.5540949119373777 0.006613698630136999 0.01799412915851273
0 0.5455917808219178 0.9508463796477495 0.03385205479452047 0.09655577299412921
0 0.4611931506849315 0.6897211350293543 0.03620547945205482 0.07640900195694722
1 0.1524657534246575 0.7788649706457926 0.15205479452054793 0.05185909980430525
0 0.3243424657534246 0.8900195694716243 0.05312328767123281 0.2167318982387476
0 0.5545260273972603 0.8207020547945205 0.027271232876712292 0.04617906066536204
0 0.45649041095890414 0.6406017612524462 0.03244383561643838 0.07052837573385529
0 0.5018630136986302 0.8152446183953033 0.05736438356164386 0.16960861056751464
0 0.3641013698630137 0.7531066536203523 0.006591780821917803 0.016780821917808164
