0 0.4614040625857809 0.71953209211171 0.011290145484490866 0.06549240568348846
0 0.40641092506176224 0.6162591866731995 0.031048586329947836 0.07052915237628621
0 0.26197502058742794 0.6376678098971093 0.01792204227285199 0.04449779519843222
0 0.05803046939335712 0.9411954924056836 0.10866593466922865 0.11418912297893191
0 0.414855888004392 0.6884664380205783 0.01698051056821298 0.023508084272415464
0 0.5197804007685973 0.8719255267025967 0.09219873730441941 0.2510534051935326
1 0.42379494921767774 0.7539588437040667 0.05837771067801267 0.01847133757961783
0 0.3421795223716717 0.8303625673689368 0.06166895415866047 0.33249387555120036
0 0.10791792478726325 0.8320431161195493 0.04755695855064508 0.05877511024007842
0 0.25912846555037056 0.7447231749142578 0.04139720010979961 0.05877511024007842
0 0.3943864946472687 0.8803233708966192 0.03626132308536917 0.23089661930426264
1 0.1723620642327752 0.8610117589416952 0.27147131485039805 0.06801077902988728
0 0.047470491353280256 0.8463179813816757 0.041441119956080144 0.06549240568348846
2 0.35937276969530607 0.5772146006859382 0.026343672797145223 0.03778049975502207
0 0.15589898435355476 0.9311195492405684 0.07578369475706836 0.13097991180793722
0 0.2570354103760637 0.6884639882410583 0.047559703541037585 0.03862322390984807
0 0.3779536096623662 0.6275918667319942 0.015522920669777673 0.06297403233708965
