0 0.267854790008235 0.6393459088682019 0.022154817458138854 0.022670259676629057
1 0.33662777930277243 0.8936722195002449 0.14211089761185836 0.02434590886820176
0 0.4711872083447708 0.8080303772660461 0.07526489157287947 0.37531602155805976
0 0.40461844633543786 0.689750122488976 0.02150699972550102 0.10397844194022543
1 0.11451139171012902 0.8265850073493386 0.22902278342025803 0.05625673689367949
0 0.4667183639857261 0.6736893679568838 0.01270107054625319 0.02602645761881417
0 0.5829083173208893 0.9577364037236649 0.0456299752950865 0.07724644781969614
0 0.25915179796870713 0.6746129348358647 0.024507274224540188 0.026031357177853987
0 0.1728328300850947 0.7094561489465948 0.07107878122426572 0.04534051935325811
1 0.37028547900082354 0.7673076923076922 0.05974197090310179 0.02351298383145517
0 0.4120697227559703 0.8839539441450269 0.02391984628053806 0.23209211170994615
1 0.3259195717814988 0.6030744732974032 0.061023881416415016 0.025512003919647364
0 0.42462805380181173 0.610548750612445 0.0157891847378534 0.05442430181283686
