0 0.39881643835616437 0.6879770058708415 0.00816438356164384 0.03644324853228964
0 0.3964671232876712 0.6016487279843444 0.009071232876712354 0.01781800391389443
0 0.48282054794520546 0.9353131115459883 0.03902739726027393 0.12426614481409004
0 0.4362712328767123 0.772421722113503 0.042789041095890434 0.19479452054794522
2 0.2814958904109589 0.6707020547945205 0.069786301369863 0.047578277886497045
0 0.39113287671232877 0.6206898238747554 0.008402739726027453 0.01212328767123294
0 0.3616493150684931 0.6032681017612525 0.003424657534246589 0.01295499021526425
0 0.24396301369863013 0.75353228962818 0.07664383561643834 0.1032778864970646
0 0.17907671232876712 0.8882925636007828 0.0738191780821918 0.13770058708414878
0 0.4065712328767124 0.6427862035225048 0.014967123287671191 0.03449608610567512
0 0.3190904109589041 0.6133904109589041 0.014147945205479462 0.025264187866927523
