0 0.2932445786439747 0.5745075943165115 0.011776008783969283 0.020480156785889214
2 0.07486275048037332 0.7465972562469377 0.06866593466922866 0.05950514453699163
0 0.11993961021136425 0.8219598236158745 0.2382541861103486 0.3337187653111221
0 0.26183914356299753 0.5906761391474766 0.006642876749931359 0.012934835864772176
0 0.21653170463903376 0.6284688878000979 0.0529645896239363 0.04204311611954925
0 0.4102525391161131 0.7963988241058304 0.06612681855613511 0.4052425281724644
0 0.28096486412297556 0.6451347378735914 0.05034037880867415 0.04358647721705056
0 0.0734902552841065 0.7471435570798628 0.14228108701619543 0.1303576678098971
0 0.2878081251715619 0.5897354238118568 0.03774636288772992 0.022910338069573766
0 0.3577971452099918 0.5720994610485056 0.005997804007686014 0.013586477217050419
