2 0.3793808219178082 0.8631090998043053 0.12177534246575344 0.2703473581213307
0 0.10572602739726028 0.9206188845401174 0.09826849315068494 0.15701076320939333
0 0.3290246575342466 0.5609197651663405 0.007484931506849313 0.014696673189823817
1 0.17343424657534245 0.7547896281800391 0.1020301369863014 0.048698630136986276
1 0.2832246575342465 0.6989432485322896 0.3667506849315068 0.027729941291585236
0 0.39536438356164383 0.5998776908023484 0.0192767123287671 0.017632093933463766
1 0.39996575342465757 0.6399877690802348 0.08189315068493147 0.00909491193737777
0 0.3017972602739726 0.8941707436399218 0.03244383561643838 0.1141927592954991
0 0.41722876712328766 0.6485787671232877 0.01598630136986301 0.056257338551859104
0 0.3582150684931507 0.5752641878669276 0.008660273972602717 0.015391389432485303
1 0.28110821917808215 0.6254892367906066 0.19043013698630135 0.01679060665362042
0 0.2942739726027397 0.7820792563600784 0.047490410958904106 0.11167318982387475
1 0.3521068493150685 0.6594911937377691 0.03244383561643838 0.017632093933463766
1 0.46895068493150693 0.8110469667318982 0.08463561643835621 0.020146771037181876
0 0.3701671232876712 0.5567221135029354 0.007484931506849313 0.03148727984344413
