0 0.44167032665385675 0.6834272415482607 0.019805105682130064 0.03358647721705055
0 0.5482157562448531 0.974781969622734 0.04003293988471046 0.03694267515923577
0 0.2840612132857535 0.6758721215090642 0.0931402690090585 0.14441450269475742
0 0.027948119681581115 0.9025722684958355 0.04944002195992314 0.023508084272415464
0 0.45977902827340106 0.694343459088682 0.01171287400494092 0.015115139637432495
0 0.41934943727696955 0.6221362077413033 0.014581388965138609 0.04030377266046059
2 0.16622152072467747 0.8744341009309162 0.25542410101564644 0.2510730034296913
0 0.24527587153444963 0.6779691327780499 0.10494647268734558 0.14525722684958364
0 0.49696541312105413 0.917266046055855 0.047513038704364574 0.16204801567858895
0 0.0408852594015921 0.7338045075943165 0.07907493823771618 0.062131308182263645
2 0.39370848202031294 0.7522758451739344 0.046104858632994794 0.12090641842234195
0 0.33510019214932746 0.5595835374816267 0.01175953884161407 0.07976482116609496
0 0.1455256656601702 0.7207912787849093 0.09549272577545981 0.06297403233708976
0 0.0813395553115564 0.7405242528172464 0.06966785616250343 0.050377266046055746
0 0.37865907219324735 0.5965262126408624 0.014111995608015404 0.027711905928466396
