0 0.3082088937688718 0.5844071533561979 0.018377710678012638 0.021788339049485628
0 0.3725363711227011 0.554764821166095 0.006038978863573963 0.014056834884860203
1 0.32731265440570956 0.7826139147476727 0.2571232500686248 0.06821656050955416
0 0.09527587153444962 0.7549559039686429 0.18269009058468294 0.15548750612444884
1 0.3975171561899533 0.6039514943655071 0.06389514136700519 0.027667809897109263
0 0.06128877298929454 0.9131651151396374 0.12054076310732913 0.14227339539441453
0 0.47253225363711227 0.8689073983341499 0.047040900356848714 0.09737383635472807
0 0.16606780126269557 0.7760828025477706 0.056873455942904216 0.06880450759431656
0 0.24106093878671422 0.6435031847133758 0.11097721657974197 0.11124938755512015
0 0.03196953060664288 0.9892062714355708 0.022572055997804014 0.021587457128858345
1 0.3415701345045292 0.8382386085252327 0.28648915728794955 0.0413963743263106
0 0.3507438923963766 0.5401200391964723 0.004463354378259676 0.007736403723664909
0 0.42644111995608014 0.6390445859872612 0.015500960746637427 0.05061244487996075
1 0.09975295086467197 0.8425551200391965 0.19799615701345044 0.07929936305732477
