0 0.22985753424657535 0.7631898238747553 0.05971506849315067 0.10579256360078282
1 0.41000000000000003 0.812866927592955 0.22000000000000003 0.06409001956947158
0 0.14992328767123286 0.9042465753424658 0.08886575342465751 0.16960861056751464
0 0.03825342465753425 0.847570939334638 0.07335068493150686 0.0931947162426614
0 0.33259452054794514 0.7195254403131115 0.06676712328767126 0.18639921722113495
1 0.1489 0.8097871819960861 0.2978 0.04113992172211356
0 0.2829890410958904 0.8635225048923678 0.020219178082191758 0.08480430528375738
0 0.20423150684931507 0.6464799412915851 0.08275342465753427 0.10915362035225051
0 0.041545205479452056 0.7400978473581213 0.07429041095890411 0.05793542074364
0 0.11677534246575341 0.7476565557729942 0.08933698630136987 0.09319960861056753
