0 0.2496054794520548 0.6418615459882583 0.06347397260273976 0.07136497064579261
1 0.4321767123287671 0.6763820939334637 0.08786575342465758 0.013409980430528434
0 0.32036986301369863 0.8324584148727985 0.06394520547945204 0.3249363992172212
0 0.1623849315068493 0.65823385518591 0.06018356164383562 0.03526418786692753
0 0.01686027397260274 0.7715826810176125 0.027742465753424657 0.02854696673189827
0 0.11183835616438356 0.6939187866927592 0.03526575342465753 0.03106653620352251
0 0.3000986301369863 0.5932950097847358 0.007868493150684941 0.009329745596868833
0 0.1438123287671233 0.7220450097847357 0.08792602739726027 0.08396281800391392
0 0.38313972602739726 0.6330454990215264 0.023041095890410923 0.06885029354207439
0 0.3739712328767123 0.7186863992172212 0.02633150684931501 0.09907534246575345
0 0.39103424657534247 0.5256555772994129 0.011460273972602797 0.020988258317025554
0 0.33565068493150685 0.6338845401174168 0.016457534246575367 0.05709393346379654
0 0.06387945205479452 0.7317025440313112 0.0662958904109589 0.05289628180039141
0 0.06199863013698631 0.7921550880626222 0.07287945205479453 0.06129647749510758
