0 0.3017958904109589 0.7119716242661448 0.02868219178082193 0.053737769080234976
0 0.5075054794520548 0.8505088062622309 0.04325753424657536 0.16960861056751475
0 0.1771958904109589 0.9294349315068493 0.0851041095890411 0.13769569471624266
0 0.3934178082191781 0.5311937377690802 0.005257534246575268 0.006996086105675259
0 0.31989999999999996 0.6678889432485324 0.008463013698630062 0.005875733855185916
0 0.42075616438356167 0.6989554794520547 0.02774246575342465 0.02099315068493135
0 0.48023424657534247 0.9411888454011742 0.03761917808219173 0.1108317025440313
0 0.33315068493150685 0.7931996086105675 0.04438356164383561 0.09980430528375739
0 0.20634794520547944 0.6561350293542074 0.03244383561643835 0.034422700587084076
0 0.45319315068493154 0.7329598825831702 0.023969863013698633 0.07556751467710365
