0 0.20079879220422728 0.6536207741303282 0.042338731814438646 0.03778539931406166
0 0.254449629426297 0.8207079862812348 0.08283832006587977 0.16372856442920136
0 0.19447158934943726 0.6804899559039687 0.030623112819105153 0.019314061734443833
0 0.5654090035684876 0.8987947084762371 0.13641778753774358 0.19899069083782472
0 0.11685424101015646 0.7539563939245467 0.09459785890749382 0.09236158745712886
0 0.2850247049135328 0.8891401273885351 0.023565742519901234 0.07052915237628621
0 0.3050164699423552 0.6196153846153846 0.010867416964040588 0.010078392944635084
0 0.20505627230304693 0.952530622243998 0.05649739225912709 0.09151886330230286
0 0.07710678012626956 0.7510191082802548 0.08283832006587977 0.06296913277804994
1 0.10956354652758717 0.847155805977462 0.19281910513313205 0.12090641842234195
1 0.3544331594839418 0.9504311611954924 0.23849574526489156 0.06213620774130324
1 0.36710952511666206 0.662437530622244 0.0587537743617898 0.06045565899069083
1 0.379835300576448 0.6091205291523762 0.05785890749382383 0.01259676629103379
0 0.1544880592917925 0.6851077902988731 0.04567664013175954 0.03694757471827537
0 0.3278314575898984 0.6733537481626654 0.014158660444688442 0.02015188633023035
0 0.3567375789184738 0.7249902008819206 0.04939061213285745 0.0562518373346399
0 0.405447433433983 0.6053429691327781 0.02535547625583312 0.03862322390984818
0 0.2781800713697502 0.9710019598236159 0.023991216030743834 0.054576188143067195
0 0.46918748284381007 0.9756197942185203 0.03344496294262972 0.045340519353258224
0 0.4433392808125171 0.8589000489955905 0.04939061213285756 0.22000489955903968
0 0.25068487510293713 0.6351494365507104 0.031092506176228385 0.020989710926016647
0 0.46097996157013454 0.6582410583047527 0.03668954158660448 0.08228319451249388
0 0.02347927532253637 0.8270039196472316 0.045207246774636285 0.043659970602645815
