0 0.3692876712328767 0.6375489236790606 0.011134246575342455 0.0437279843444226
0 0.25092328767123284 0.57720156555773 0.04476712328767124 0.045479452054794534
0 0.25859726027397256 0.6885665362035225 0.045747945205479396 0.0781311154598826
0 0.3911821917808219 0.5949828767123287 0.009794520547945218 0.04489726027397256
0 0.19410958904109588 0.7037279843444226 0.0415013698630137 0.0478082191780822
0 0.398186301369863 0.7573116438356164 0.02115616438356166 0.1091536203522504
0 0.3283095890410959 0.6025636007827788 0.04280547945205482 0.12419765166340502
0 0.12798767123287672 0.7914799412915852 0.09341643835616438 0.12886007827788648
0 0.21239452054794522 0.8139310176125245 0.1100712328767123 0.1784197651663405
0 0.13337534246575344 0.9468713307240706 0.033013698630137006 0.10495596868884538
0 0.04065616438356165 0.9113038160469666 0.0813123287671233 0.10844911937377699
0 0.2888 0.6984809197651662 0.04280547945205482 0.06296966731898246
0 0.06317260273972602 0.7599951076320939 0.12378630136986302 0.10903131115459874
0 0.35083972602739727 0.6115998043052837 0.012112328767123315 0.03265166340508807
0 0.17778219178082189 0.6325929549902152 0.03562465753424657 0.023326810176125146
0 0.30297123287671235 0.8240606653620353 0.09779999999999994 0.34340508806262227
0 0.43345068493150685 0.8152446183953034 0.06535616438356162 0.36440313111545986
0 0.4158178082191781 0.6897211350293542 0.011284931506849283 0.044500978473581254
0 0.3859465753424658 0.5576272015655577 0.014550684931506852 0.02024461839530345
