0 0.25526301369863014 0.8220474559686888 0.035654794520547956 0.08886007827788645
3 0.3079794520547945 0.7768811154598826 0.013542465753424604 0.010963796477495125
0 0.18806438356164382 0.9689236790606653 0.02664383561643835 0.06215264187866931
0 0.3650369863013698 0.8527764187866929 0.02115890410958904 0.018468688845401204
0 0.02720410958904109 0.971834637964775 0.03150410958904109 0.044500978473581254
3 0.2990027397260274 0.7417318982387475 0.014487671232876698 0.017152641878669384
0 0.09499178082191781 0.8969251467710371 0.036098630136986304 0.03426125244618394
0 0.10164794520547946 0.8626272015655578 0.01101095890410958 0.025890410958904098
2 0.24703698630136983 0.9360958904109589 0.08581643835616434 0.12104696673189819
2 0.2932698630136986 0.841986301369863 0.04114246575342467 0.07276908023483364
0 0.13786986301369863 0.8744618395303327 0.02122465753424657 0.034500978473581245
0 0.17214109589041096 0.8730063600782778 0.01253972602739728 0.023801369863013844
