0 0.46942355201756797 0.9567295443410093 0.04040625857809499 0.07808427241548255
0 0.0380936041723854 0.808953944145027 0.0761872083447708 0.08144536991670748
0 0.5155435080977216 0.8635301322880942 0.06303870436453479 0.2695198432141107
1 0.18134504529234147 0.7099657030867222 0.18164150425473513 0.029730524252817192
0 0.37157974197090304 0.7997158255756982 0.05085094702168541 0.38538951494365503
0 0.21548998078506726 0.6543777560019598 0.04031841888553389 0.026237138657520864
0 0.2757891847378534 0.6315384615384615 0.014455119407082107 0.017491425771680502
0 0.4285204501784244 0.6783831455169035 0.033873181443864864 0.1796962273395395
1 0.3469063958276146 0.7275085742283194 0.11712874004940987 0.019309162175404126
0 0.2806876200933297 0.604328760411563 0.026431512489706266 0.026237138657520753
