1 0.26578630136986303 0.6233512720156555 0.03428493150684933 0.009716242661448105
0 0.2639465753424658 0.6951761252446185 0.014106849315068504 0.026868884540117377
0 0.38313972602739726 0.8299388454011741 0.012695890410958977 0.034427592954990205
0 0.3233356164383562 0.6466731898238748 0.010610958904109624 0.022348336594911977
2 0.4712232876712329 0.5888527397260275 0.06530684931506858 0.08940802348336596
0 0.210813698630137 0.8009711350293542 0.019747945205479484 0.05205968688845397
0 0.3815246575342466 0.5682020547945206 0.00453424657534246 0.016198630136986414
0 0.557845205479452 0.8816927592954991 0.10720273972602745 0.22065557729941299
1 0.3340041095890411 0.7552103718199609 0.3338383561643835 0.020988258317025332
1 0.37857123287671235 0.6352544031311155 0.07537260273972596 0.007289628180039198
1 0.3123767123287671 0.6804818982387475 0.3761506849315069 0.03610078277886497
0 0.42804383561643833 0.7900538160469668 0.031972602739726075 0.03526418786692764
1 0.35669589041095895 0.5880430528375734 0.13763835616438364 0.005665362035224941
0 0.3589246575342466 0.9088625244618396 0.01880821917808223 0.13014187866927596
0 0.2784383561643835 0.6000269080234834 0.01986301369863014 0.020406066536203582
