0 0.49880684931506847 0.681323385518591 0.0333835616438356 0.06465264187866937
0 0.4355671232876712 0.9088625244618396 0.010345205479452002 0.056257338551859104
0 0.4353315068493151 0.802649217221135 0.024920547945205485 0.07220645792563607
0 0.29615479452054794 0.7245670254403132 0.011756164383561696 0.020151663405087894
3 0.21575205479452056 0.8261619373776907 0.025860273972602765 0.047020547945205604
0 0.4108821917808219 0.6842636986301369 0.024920547945205485 0.08228473581213314
0 0.4108808219178082 0.7539530332681017 0.010813698630137036 0.048698630136986276
1 0.5042150684931507 0.727504892367906 0.08557534246575343 0.014275929549901978
1 0.0840972602739726 0.8442123287671233 0.07758082191780823 0.022671232876712355
1 0.44050410958904107 0.7379990215264187 0.039967123287671213 0.0436594911937378
1 0.23173698630136985 0.6510983365949119 0.22052054794520548 0.07808708414872811
0 0.15439041095890413 0.9264946183953033 0.07523013698630139 0.13014187866927585
0 0.3582191780821918 0.6057583170254404 0.03526575342465743 0.017632093933463766
2 0.3972452054794521 0.5868664383561644 0.058775342465753444 0.11250978473581208
0 0.41205616438356163 0.8018101761252446 0.013164383561643844 0.025185909980430576
