0 0.2921520724677463 0.6039269965703087 0.012610485863299492 0.022503674669279716
1 0.4346431512489706 0.6776016658500734 0.05761460334888824 0.00818716315531598
0 0.20103348888278894 0.641531112199902 0.08196266813066153 0.07916217540421377
0 0.3084957452648916 0.8584027437530621 0.077875377436179 0.27437530622244
0 0.35878396925610767 0.6181283684468398 0.02341476804831183 0.03214110730034303
0 0.10301948943178699 0.7653233708966193 0.20443590447433432 0.2000538951494366
0 0.3790419983530058 0.7482361587457129 0.050974471589349424 0.1427241548260657
0 0.37439884710403515 0.6544512493875552 0.01566566017018939 0.038642822146006894
0 0.32214246500137245 0.5779519843214111 0.007990667032665322 0.027809897109260073
0 0.030332143837496568 0.9292013718765311 0.060664287674993135 0.13375796178343957
0 0.27117211089761184 0.576374326310632 0.037178149876475386 0.06441940225379705
