1 0.35019999999999996 0.5927103718199609 0.11404383561643833 0.015949119373776854
0 0.3064931506849315 0.6610078277886497 0.04789041095890412 0.09426614481409001
1 0.39064109589041096 0.7186839530332682 0.04873424657534242 0.012142857142857233
1 0.34396164383561645 0.5616413894324853 0.01850410958904114 0.010200587084148838
1 0.38954657534246573 0.5804011741682975 0.02729589041095898 0.010078277886497067
0 0.40684109589041095 0.5413625244618396 0.005906849315068463 0.007734833659491236
2 0.2823904109589041 0.6046746575342465 0.023619178082191716 0.015699608610567517
0 0.4062767123287671 0.577433953033268 0.00980273972602741 0.0621966731898238
1 0.3491493150684931 0.6025440313111545 0.10906027397260282 0.01639921722113502
0 0.27022054794520545 0.6245645792563601 0.013060273972602732 0.0242954990215265
