0 0.2869050233324183 0.8727658010779029 0.05085094702168541 0.24601175894169514
0 0.5938457315399397 0.9407741303282704 0.05122701070546254 0.11503184713375803
0 0.25092094427669503 0.9344781969622734 0.019332967334614343 0.1259480646741793
0 0.19023744166895415 0.6502621264086232 0.06449354927257755 0.06464968152866246
0 0.4873222618720835 0.65656050955414 0.034809223167718895 0.09235668789808915
0 0.36097172659895693 0.6162567368936795 0.045627230304693955 0.10579127878490935
0 0.42664013175953885 0.8950318471337579 0.047982432061487834 0.20993630573248412
0 0.631265440570958 0.8912371386575209 0.056447982432061394 0.08144536991670748
0 0.4327559703541038 0.6594977951984322 0.055509195717814985 0.2644830965213131
0 0.5138937688718089 0.8127241548260657 0.0794866867965962 0.20149926506614413
0 0.04982294811968158 0.8186085252327291 0.09412846555037058 0.1007545320921116
0 0.48755558605544885 0.9034051935325821 0.06820477628328303 0.19142577168054875
0 0.14108152621465825 0.9344757471827536 0.05461432884984904 0.08900048995590393
0 0.20950041174855888 0.920203331700147 0.05503705737029921 0.14777560019598246
0 0.3087798517705188 0.7044194022537971 0.07672522646170743 0.17800097991180797
