1 0.36626027397260275 0.5922064579256361 0.09009315068493151 0.0111741682974561
0 0.29333424657534246 0.6494178082191782 0.017397260273972648 0.0293835616438356
0 0.3772931506849315 0.5839432485322896 0.027210958904109572 0.03255381604696672
0 0.3586424657534247 0.5630577299412916 0.0041561643835617 0.013160469667318875
0 0.3260465753424657 0.5509124266144814 0.008504109589041076 0.004388454011741705
0 0.36832876712328766 0.636404109589041 0.012224657534246619 0.048698630136986276
1 0.33916986301369867 0.5748679060665361 0.020427397260273927 0.010459882583170321
0 0.3389904109589041 0.5546232876712329 0.004912328767123331 0.009109589041096045
0 0.3946602739726027 0.6918175146771037 0.015046575342465784 0.020151663405088005
1 0.34872191780821915 0.5571550880626224 0.014172602739726037 0.0060714285714286165
0 0.3497575342465753 0.6708268101761252 0.013635616438356146 0.02182974559686901
