0 0.32366164383561646 0.8639432485322895 0.09309863013698633 0.2552446183953033
0 0.37726301369863013 0.7249853228962818 0.009402739726027454 0.04281800391389434
0 0.04263698630136986 0.7946746575342465 0.08527397260273972 0.06800880626223094
0 0.19635205479452056 0.7000195694716242 0.02237534246575343 0.025890410958904098
0 0.3909849315068493 0.566761252446184 0.03722465753424653 0.045479452054794645
0 0.4005369863013699 0.7669667318982387 0.01081643835616436 0.11334637964774963
0 0.42902602739726026 0.6052446183953033 0.036895890410958976 0.03265166340508807
0 0.34565753424657536 0.6227030332681018 0.016849315068493187 0.05177592954990218
0 0.4249438356164384 0.6702592954990215 0.037876712328767104 0.10670254403131119
0 0.4374465753424657 0.9080234833659491 0.07146849315068493 0.17716242661448145
1 0.3677753424657534 0.6769300391389432 0.07840547945205484 0.00909491193737777
1 0.22673698630136985 0.7094765166340509 0.13243835616438357 0.009814090019569455
0 0.4105780821917808 0.5562622309197651 0.02285479452054795 0.015166340508806275
0 0.11089863013698631 0.7619275929549902 0.09826849315068494 0.10495107632093947
0 0.33018082191780823 0.5821208414872798 0.017238356164383517 0.030787671232876623
1 0.26021917808219175 0.6905724070450098 0.10465753424657537 0.016790606653620532
