0 0.5242794400219599 0.5269083782459578 0.011117211089761159 0.01984321411072998
1 0.4907164424924513 0.5145541401273885 0.03576173483392808 0.006188143067123897
2 0.4608358495745265 0.6590715335619795 0.05494098270656056 0.14858892699657023
0 0.5611762283832007 0.8009750122488976 0.023521822673620685 0.07724644781969614
0 0.4924375514685698 0.7898824105830475 0.01765028822399123 0.1182263596276335
0 0.6423208893768871 0.9097084762371387 0.08420258029096894 0.17044096031357192
0 0.5264356299752951 0.5350073493385596 0.005443315948394201 0.01659970602645766
0 0.5642327751852869 0.9021533561979422 0.044688443590447435 0.15029397354238117
0 0.25936453472412846 0.6662150906418423 0.06632720285479007 0.04617834394904452
2 0.49496294262970075 0.550124938755512 0.03987373044194342 0.07001959823615878
