0 0.4322316771891298 0.5591866731994121 0.03026077408729072 0.03488486036256733
0 0.16767773812791653 0.942626163645272 0.056793851221520725 0.11474767270945618
1 0.2438045566840516 0.6528784909358158 0.06616524842163052 0.011469867711905946
0 0.43097858907493825 0.6145884370406663 0.015753499862750486 0.029833414992650686
0 0.37506176228383203 0.61734443900049 0.019736480922316724 0.021068103870651722
0 0.3971959923140269 0.6502474277315042 0.02608564370024702 0.025512003919647364
0 0.11435355476255832 0.7733194512493876 0.22870710952511664 0.18074963253307197
0 0.41758715344496294 0.5892748652621264 0.040642327751852836 0.03097501224889765
1 0.18805517430688995 0.8178490935815776 0.03081251715618996 0.007760901518863328
0 0.38424375514685705 0.5906001959823616 0.033121054076310774 0.030774130328270477
0 0.2214973922591271 0.6672195002449779 0.04801811693659069 0.025982361587457148
1 0.378204776283283 0.8456638902498774 0.3001921493274773 0.06761391474767275
0 0.39366867965962116 0.6933684468397845 0.015446060938786699 0.059926506614404684
0 0.29156189953335165 0.6430401763841255 0.13157287949492175 0.08177853993140616
0 0.4607191874828438 0.9247427731504165 0.04990392533626131 0.15051445369916705
0 0.3935684875102937 0.6252866242038216 0.013379083173208905 0.018559529642332206
0 0.44120230579192976 0.7463988241058305 0.028273401043096336 0.1830377266046057
