0 0.33159178082191776 0.578378180039139 0.038378082191780793 0.01720645792563602
0 0.12775479452054794 0.8894691780821917 0.17025479452054793 0.21159001956947165
3 0.33982602739726026 0.675293542074364 0.027482191780821896 0.025264187866927523
3 0.3648575342465753 0.7054182974559687 0.024761643835616465 0.013605675146771024
3 0.4141054794520548 0.5956017612524462 0.021487671232876704 0.01458904109589032
3 0.4897643835616438 0.5677152641878669 0.010454794520547983 0.006076320939334523
3 0.4886657534246575 0.7250978473581213 0.014964383561643868 0.015058708414872779
0 0.4914657534246576 0.5529354207436399 0.007506849315068453 0.01295499021526425
0 0.4653945205479452 0.8299045988258317 0.027139726027397226 0.16221624266144818
3 0.3488164383561644 0.7442954990215265 0.03150136986301372 0.022671232876712355
0 0.39508219178082193 0.5662328767123288 0.053117808219178164 0.03408023483365952
0 0.022665753424657535 0.915075831702544 0.039073972602739725 0.04617906066536204
0 0.4411890410958904 0.5650513698630137 0.01494794520547943 0.014848336594912026
