0 0.49675953884161406 0.8026188143067123 0.012239912160307398 0.05704556589906906
1 0.40819516881690915 0.6855707986281234 0.10743068899258856 0.021420872121508894
1 0.2926983255558605 0.6680107790298873 0.0633543782596761 0.015805977462028387
1 0.17994921767773814 0.7205144536991671 0.10153993961021135 0.011945124938755436
0 0.2988869063958276 0.6997942185203332 0.023038704364534646 0.03441450269475743
1 0.43810321163875926 0.7366707496325331 0.08578643974746092 0.016859382655561084
0 0.36303046939335715 0.6511538461538462 0.013203403788086765 0.029147476727094612
0 0.25874828438100467 0.7321043606075452 0.021465824869612987 0.0231798138167566
0 0.5202195992314027 0.9215654091131797 0.029239637661268247 0.10073983341499271
1 0.46417375789184734 0.7264845663890249 0.01869063958276146 0.010538951494365567
