1 0.11861240735657426 0.7128637922586967 0.04623936316222896 0.006678098971092505
1 0.1947721657974197 0.7052792748652621 0.08499862750480375 0.013351298383145527
0 0.2537455393906121 0.743811856932876 0.03097172659895686 0.08556589906908385
1 0.5874979412572056 0.9566609505144537 0.0470024704913532 0.03670259676629106
0 0.05450590172934394 0.8172439980401764 0.04729343947296184 0.05522292993630573
0 0.423590447433434 0.7410828025477707 0.010881141916003312 0.06190102890739835
1 0.3650947021685424 0.6843410093091622 0.18295360966236618 0.03459088682018607
0 0.16721520724677463 0.6837334639882411 0.03879494921767776 0.040656540911317984
0 0.2848545155091957 0.6637065164135227 0.018394180620367795 0.04915727584517382
0 0.04413670052154818 0.7738510534051934 0.0632720285479001 0.06190102890739835
0 0.21294537469118857 0.8682214600685938 0.06565468020861928 0.1304752572268496
3 0.3573332418336536 0.6208108770210681 0.023807301674444115 0.016859382655560973
0 0.11264617073840241 0.7441180793728565 0.0520559978040077 0.0473346398824106
