0 0.16460060389788633 0.722890739833415 0.13834751578369475 0.09404213620774127
0 0.32477353829261596 0.7690690837824596 0.03626681306615431 0.05877511024007842
0 0.4718309085918199 0.7300244977951984 0.01442766950315677 0.05440470357667804
0 0.35933433982981056 0.7035987261146497 0.020716442492451248 0.03692797648211665
0 0.30313477902827335 0.7493385595296423 0.025918199286302512 0.04785889269965704
0 0.19282596760911336 0.8559725624693777 0.08095800164699424 0.10159725624693783
0 0.6295964864122975 0.961766291033807 0.05593192423826521 0.07304752572268491
0 0.45508921218775733 0.7776482116609504 0.00544606093878669 0.015551200391964781
0 0.30667307164424923 0.6371999020088193 0.014048860828987153 0.01828025477707007
0 0.2544729618446335 0.6796496815286623 0.0827916552292067 0.07137187653111232
0 0.5698792204227285 0.9281798138167565 0.05503705737029918 0.13349828515433615
0 0.07263656327202855 0.828265556099951 0.14352182267362065 0.13517883390494867
0 0.4162915179796871 0.9214625183733465 0.028223991216030753 0.1536550710436061
