0 0.3268377710678012 0.6001102400783929 0.05390063134779027 0.1014551690347868
0 0.28055586055448806 0.6095394414502695 0.03156464452374419 0.023508084272415464
0 0.07167307164424924 0.9479127878490936 0.060683502607740865 0.09068103870651645
0 0.36094427669503154 0.5342773150416462 0.011342300301948938 0.011337579617834437
0 0.22714109250617626 0.6779715825575697 0.05456766401317595 0.05793238608525231
0 0.22763930826242107 0.8223885350318472 0.05556409552566563 0.19059774620284176
0 0.15187620093329673 0.7426212640862323 0.0526846006038979 0.04282214600685941
0 0.44096486412297553 0.974360607545321 0.02121603074389239 0.04785889269965704
0 0.44804282185012345 0.888297403233709 0.013642602250892144 0.08900048995590393
0 0.4158207521273676 0.828265556099951 0.031987373044194356 0.10327290543851064
0 0.1646019763930826 0.9302792748652621 0.0762530881141916 0.12258696717295448
0 0.02395004117485589 0.8715066144047037 0.044265715069997255 0.047021068103870634
2 0.40288498490255287 0.646484566389025 0.03998353005764477 0.15113669769720728
