2 0.40613561643835616 0.5619251467710371 0.030041095890410985 0.06880136986301377
0 0.28251917808219174 0.6515166340508807 0.05595342465753422 0.08564579256360072
0 0.40362876712328766 0.8877470645792565 0.021980821917808147 0.218302348336595
0 0.42735342465753423 0.8298238747553817 0.03487123287671229 0.3403522504892368
0 0.3728698630136986 0.8228277886497064 0.031778082191780854 0.3543444227005871
0 0.1423986301369863 0.9659686888454011 0.03525753424657535 0.0629549902152643
0 0.3255410958904109 0.6015582191780822 0.01692876712328767 0.029388454011741727
0 0.4870520547945205 0.9395107632093933 0.022098630136986264 0.05205479452054795
0 0.4149520547945206 0.6289774951076321 0.023509589041095846 0.06181017612524453
2 0.3315260273972603 0.5645474559686888 0.041468493150684904 0.03439823874755388
0 0.3893260273972603 0.6208194716242661 0.015320547945205487 0.052490215264187845
0 0.23385342465753425 0.7350611545988259 0.026331506849315067 0.056257338551859104
0 0.16661643835616435 0.8425318003913894 0.07616986301369863 0.1620499021526418
0 0.33005616438356167 0.5837891389432486 0.1090602739726027 0.021570450097847416
