0 0.32832555586055445 0.5944267515923567 0.019758440845457026 0.05205781479666827
0 0.3854790008234972 0.6422856442920137 0.0390447433433983 0.05205781479666827
0 0.390653307713423 0.6011440470357667 0.03151797968707104 0.06549240568348846
0 0.43638759264342575 0.647234198922097 0.006807576173483487 0.02477707006369423
0 0.46613093604172384 0.9395173934345908 0.030999176502882198 0.11586967172954432
0 0.3398709854515509 0.6275551200391964 0.03813889651386215 0.06413522782949521
0 0.29490255284106504 0.6986305732484077 0.04708756519352186 0.07052915237628621
3 0.2365495470765852 0.7846055854973053 0.015053527312654386 0.015952964233219125
0 0.3744015920944277 0.7531161195492406 0.054611583859456525 0.1830377266046056
3 0.21399396102113644 0.8219671729544341 0.01698051056821301 0.02351298383145517
0 0.4294386494647269 0.7900612444879961 0.03485863299478453 0.25860362567368944
0 0.2826722481471315 0.6372488975992161 0.031092506176228385 0.03526212640862314
0 0.32688992588525945 0.920203331700147 0.10541861103486144 0.12090641842234195
0 0.34395278616524844 0.6734713375796177 0.03432884984902551 0.026727094561489362
0 0.2375144111995608 0.7006393924546791 0.031092506176228385 0.07808427241548266
