0 0.3066634641778754 0.6506834884860363 0.025448805929179252 0.085639392454679
0 0.4030963491627779 0.8937555120039196 0.029212187757342856 0.20570798628123466
0 0.24221795223716716 0.7338069573738364 0.02168542410101565 0.04030377266046059
0 0.33441806203678287 0.5570504654581088 0.015100192149327452 0.06971092601665851
0 0.2264589623936316 0.8765433610975012 0.043793576722481464 0.23005879470847623
0 0.29702031292890474 0.8715066144047037 0.07578094976667582 0.2535668789808917
0 0.2591517979687071 0.6901445369916708 0.04238265166071917 0.047021068103870634
0 0.16883475157836947 0.6553013228809407 0.062138347515783704 0.05793238608525231
0 0.31722344221795223 0.5843532582067614 0.017405984079055692 0.030225379715825507
0 0.2838251441119956 0.6074424301812837 0.02211089761185836 0.05625673689367949
0 0.318657699698051 0.6695737383635473 0.07672248147131483 0.23425771680548757
0 0.3981567389514137 0.6855267025967664 0.024037880867416983 0.143576678098971
0 0.4009799615701345 0.6120602645761881 0.021119956080153712 0.07389024987751092
0 0.13755146856986 0.84421852033317 0.17080428218501237 0.28799608035276825
