1 0.3191065056272303 0.666641352278295 0.06577271479549818 0.011077902988731014
0 0.4476146033488883 0.6094512493875551 0.019094153170463923 0.09886330230279272
0 0.3407438923963766 0.9483317001469868 0.00987647543233594 0.09655560999510038
0 0.37346006038978863 0.8509358157765801 0.0179220422728521 0.04785889269965693
1 0.3348421630524293 0.7831969622733954 0.02874553939061214 0.027403233708966246
0 0.2821630524293165 0.6596423321901028 0.04480373318693387 0.036139147476727085
1 0.3471177600878397 0.8849387555120038 0.137309909415317 0.03190592846643814
1 0.37259264342574805 0.6966095051445369 0.04009607466373871 0.025644292013718872
2 0.4628616524842163 0.8278441940225381 0.13641778753774364 0.3341695247427733
0 0.11752950864671974 0.7273076923076923 0.20988745539390613 0.15548750612444873
0 0.33712874004940985 0.7406908378245958 0.03299478451825416 0.07055365017148452
1 0.37373593192423826 0.6785570798628124 0.04045566840516057 0.02125918667319937
