1 0.35556409552566565 0.5690519353258207 0.034301399945100175 0.016036256736893684
0 0.4463505352731265 0.6917417932386085 0.03402964589623936 0.05052915237628619
0 0.13568762009332969 0.8969573738363548 0.1310293713972001 0.1982459578637923
1 0.2961323085369201 0.636156295933366 0.07962668130661538 0.006883880450759605
0 0.24005489980785066 0.6482729054385106 0.0437990667032665 0.042562469377755874
0 0.10873730441943452 0.7978319451249387 0.21628877298929453 0.2565556099951005
0 0.427793027724403 0.7459799118079373 0.05320340378808669 0.11335129838314562
0 0.22748147131485041 0.7817981381675649 0.07288223991216028 0.13352278294953457
0 0.2195608015371946 0.8866364527192553 0.10453472412846551 0.22564919157275853
0 0.28100741147405983 0.8981920627143556 0.07373593192423825 0.1973150416462518
0 0.4786192698325556 0.9214649681528662 0.03151797968707104 0.15197452229299369
0 0.3055078232226187 0.7523052425281724 0.04903925336261328 0.13924056834884868
1 0.24540763107329122 0.6788731014208722 0.15789184737853415 0.03361097501224897
0 0.4087839692561076 0.587515923566879 0.04546253088114188 0.05782459578637933
0 0.3329618446335437 0.6638926996570309 0.022706560527038178 0.05466438020578146
1 0.29669914905297834 0.6491107300342969 0.09437002470491354 0.009314061734443824
0 0.2684779028273401 0.7401077902988731 0.0607933022234422 0.11545320921117097
1 0.3142039527861652 0.6171043606075453 0.08367005215481743 0.011807937285644221
1 0.39559703541037605 0.6339294463498286 0.06399670601152896 0.022675159235668763
0 0.4797721657974197 0.8270063694267515 0.03485588800439199 0.13602155805977467
