0 0.4364946472687346 0.6443875551200391 0.00851496019763931 0.03610485056344925
0 0.3837688718089487 0.5936942675159236 0.006626406807576202 0.01720725134737866
0 0.37538155366456216 0.9545884370406663 0.02469667856162505 0.09082312591866726
0 0.18553390063134778 0.8303625673689368 0.22913532802635192 0.3375306222439981
0 0.42078918473785343 0.5718201861832435 0.007079330222344249 0.022836844683978508
0 0.3988622014822948 0.8484321411073004 0.027331869338457326 0.3031357177853994
0 0.44357534998627507 0.8622684958353748 0.019755695855064537 0.11922586967172943
0 0.3973771616799341 0.6315874571288583 0.02776557782047767 0.06365507104360613
0 0.4236480922316772 0.6182263596276335 0.017150699972550087 0.06219500244977949
0 0.3649876475432336 0.6804287114159726 0.028300850947021727 0.17201861832435072
0 0.43837633818281635 0.7048383145516903 0.01698325555860558 0.044502694757471706
0 0.46542547351084274 0.7724277315041647 0.010867416964040644 0.09739833414992649
0 0.3485314301399945 0.7961856932876041 0.05566840516058191 0.21762371386575197
0 0.1704803733186934 0.7510191082802549 0.027801262695580586 0.034424301812836844
0 0.24245402141092504 0.6586599706026457 0.15292890474883333 0.13518373346398826
