3 0.31567534246575346 0.6928767123287671 0.019953424657534302 0.010528375733855233
2 0.2601232876712329 0.7084197651663405 0.027205479452054787 0.04128180039138951
2 0.30769315068493147 0.6529109589041096 0.04149589041095891 0.03158512720156548
3 0.3330232876712329 0.6989481409001956 0.009750684931506826 0.006477495107632181
3 0.35421643835616434 0.6449779843444228 0.005923287671232902 0.004721135029354229
3 0.2815506849315068 0.7110958904109589 0.01609863013698626 0.01134050880626214
3 0.3314150684931507 0.6637279843444227 0.01443561643835617 0.00913894324853226
2 0.42625205479452055 0.614481409001957 0.025698630136986256 0.03678082191780818
3 0.30218356164383564 0.7110958904109589 0.016553424657534288 0.008904109589040976
3 0.34562328767123285 0.6398361056751467 0.008473972602739743 0.0037426614481409493
