0 0.41440821917808224 0.6319031311154599 0.00898082191780819 0.025264187866927634
1 0.3986630136986301 0.7631849315068493 0.30702465753424657 0.06042074363992167
1 0.21337397260273971 0.7199363992172211 0.22598630136986303 0.04723091976516636
0 0.44447534246575343 0.6613013698630137 0.011427397260273975 0.022837573385518617
0 0.4104109589041096 0.7018957925636007 0.009873972602739756 0.03190313111545995
0 0.4333041095890411 0.7129403131115459 0.016000000000000014 0.027407045009784636
1 0.3723246575342466 0.730442759295499 0.18478630136986302 0.020151663405087894
1 0.34496301369863014 0.6797040117416829 0.08819452054794519 0.03206947162426621
0 0.3372890410958904 0.6403473581213307 0.046726027397260284 0.033816046966731905
0 0.32553424657534247 0.6776638943248532 0.019298630136986294 0.026824853228962775
1 0.417613698630137 0.663378180039139 0.05521643835616441 0.011081213307240767
