0 0.3134753424657535 0.5569055772994129 0.016326027397260245 0.017411937377690756
0 0.292627397260274 0.6678889432485322 0.007523287671232837 0.010914872798434394
0 0.27687671232876715 0.6481580234833659 0.08604383561643836 0.10411448140900192
3 0.41404109589041094 0.5672309197651664 0.013830136986301367 0.010528375733855233
0 0.24795890410958904 0.7186888454011742 0.010345205479452058 0.018473581213307444
0 0.38365616438356165 0.5251198630136986 0.007027397260274015 0.022676125244618373
0 0.3965808219178082 0.5362524461839531 0.006120547945205501 0.01579256360078274
0 0.35398493150684934 0.5577128180039138 0.00909315068493155 0.019437377690802338
0 0.335472602739726 0.5394936399217222 0.016326027397260245 0.014985322896281739
0 0.08691780821917809 0.7409368884540117 0.1688 0.11839041095890412
0 0.40617945205479455 0.7279231898238747 0.014578082191780861 0.02854696673189816
0 0.4141739726027397 0.6443811154598826 0.013635616438356202 0.029388454011741838
