0 0.3617013698630137 0.6029060665362036 0.02624109589041096 0.09553816046966734
1 0.4115890410958904 0.5969422700587084 0.02630136986301368 0.018444227005870895
0 0.09702465753424658 0.7505846379647749 0.10249863013698632 0.09069960861056747
0 0.4003013698630137 0.56293542074364 0.019747945205479456 0.019315068493150678
0 0.34552465753424655 0.5528595890410959 0.02115890410958904 0.020993150684931572
0 0.32718767123287673 0.7442954990215265 0.04372876712328766 0.18724070450097852
0 0.10102465753424658 0.7157485322896282 0.05407123287671234 0.041144814090019466
0 0.23432328767123287 0.6204500978473582 0.07993424657534248 0.07556751467710376
0 0.026263013698630138 0.818603228962818 0.04936986301369863 0.05037671232876706
0 0.42382191780821915 0.6695596868884539 0.022547945205479425 0.042837573385518524
0 0.03323287671232877 0.7476565557729942 0.06646575342465753 0.044500978473581254
0 0.3307109589041096 0.9021477495107633 0.030084931506849266 0.18555772994129172
