0 0.036578369475706835 0.8796790788829005 0.06324183365358221 0.06845173934345916
1 0.35438237716168 0.6163792258696718 0.027886357397749084 0.0075845173934345755
0 0.2191147405984079 0.6667393434590887 0.07557782047762829 0.07796668299853016
0 0.3823853966511117 0.5811905928466439 0.015371946198188269 0.05436550710436061
0 0.405612132857535 0.8327070063694267 0.010609387867142495 0.04296423321901033
1 0.3938127916552292 0.6671607055365018 0.03402141092506178 0.012224399804017683
1 0.34163189678836126 0.6395565899069084 0.05522646170738399 0.01264576188143074
1 0.16501097996157016 0.7520798628123468 0.1520532528136152 0.05984811366976961
1 0.36181306615426845 0.7263449289563939 0.10210540763107329 0.03138657520823118
0 0.37233461432884984 0.6607643312101911 0.009692561076036221 0.01697207251347388
0 0.3567664013175954 0.5493704066634003 0.01796870710952514 0.03118569328760401
0 0.2689335712325007 0.6224889759921608 0.011356025253911606 0.026545810877021014
1 0.3077395004117486 0.6981381675649192 0.11734559429041996 0.054786869181773556
0 0.37274361789733734 0.6206687898089172 0.007886357397749122 0.03453699167074964
0 0.12443590447433434 0.7145712885840274 0.05527312654405708 0.048045075943165094
1 0.43193659072193247 0.6623738363547281 0.027891847378534118 0.006148946594806359
0 0.3091902278342026 0.5790813326800588 0.04889925885259405 0.06701126898579135
1 0.3933516332692836 0.6433488486036256 0.03399945100192153 0.014331210191082744
0 0.42241696404062584 0.603733463988241 0.012278342025802913 0.05562959333659967
0 0.04073428493000275 0.7773664870161685 0.08006313477902828 0.06237628613424795
0 0.41449217677738126 0.6799510044096031 0.006689541586604453 0.06567368936795681
