3 0.8916856435643565 0.6394127764127764 0.024480198019802057 0.01700737100737093
3 0.8241633663366337 0.7560515970515971 0.05915841584158421 0.054265356265356224
3 0.6976831683168316 0.6584496314496314 0.023257425742574278 0.01295823095823101
3 0.841095297029703 0.6422481572481573 0.03672029702970303 0.03077641277641263
1 0.14171534653465345 0.6051302211302212 0.0218069306930693 0.00716461916461919
3 0.7539876237623763 0.7054275184275184 0.05181683168316842 0.03887469287469281
3 0.8453787128712871 0.6001302211302211 0.028153465346534623 0.022678132678132568
3 0.9739950495049505 0.8046511056511056 0.052009900990098945 0.057508599508599545
3 0.8582301980198019 0.7147420147420147 0.02529702970297032 0.021867321867321876
3 0.8994393564356435 0.6183538083538084 0.031007425742574313 0.015390663390663306
3 0.7274542079207921 0.6567125307125308 0.0194034653465347 0.00705651105651095
