0 0.4082246575342466 0.8149926614481409 0.027786301369863042 0.08312622309197637
0 0.3939205479452055 0.6765019569471624 0.009260273972602706 0.040831702544031234
0 0.3078383561643836 0.7188551859099803 0.014153424657534275 0.036947162426614555
0 0.37268493150684934 0.5929060665362035 0.007945205479452044 0.020254403131115373
0 0.35026575342465754 0.6188038160469667 0.011139726027397212 0.01855675146771041
0 0.3957191780821918 0.5565362035225049 0.003410958904109529 0.010821917808219172
1 0.4637123287671233 0.8704256360078277 0.12934246575342462 0.07137964774951067
0 0.30313698630136987 0.9468150684931507 0.04048219178082196 0.10159491193737757
0 0.35253698630136987 0.6301051859099804 0.006235616438356184 0.007421722113503004
3 0.23004520547945204 0.8901394324853229 0.023980821917808204 0.03862524461839534
0 0.279127397260274 0.6387108610567515 0.019652054794520535 0.02598336594911932
0 0.4473013698630137 0.6952299412915851 0.009824657534246495 0.01889432485322895
0 0.34827397260273973 0.7965117416829746 0.052712328767123284 0.15531311154598826
2 0.02435342465753425 0.8539530332681018 0.047402739726027404 0.06717221135029361
1 0.34709999999999996 0.88720156555773 0.05129589041095889 0.0293835616438356
0 0.17971095890410957 0.7578987279843443 0.25160273972602737 0.2090655577299413
0 0.4026123287671233 0.5589090019569471 0.008501369863013697 0.012818003913894316
0 0.2784506849315069 0.7856042074363991 0.017443835616438363 0.04617906066536215
0 0.06521506849315067 0.8888698630136986 0.04047397260273973 0.049559686888454024
1 0.08475616438356165 0.8897186888454012 0.022098630136986305 0.01931017612524466
0 0.3048821917808219 0.6261056751467711 0.023808219178082235 0.017005870841487303
0 0.4127219178082192 0.6979280821917808 0.006046575342465721 0.013498043052837527
0 0.36308904109589046 0.7008023483365949 0.01650684931506846 0.029393346379647634
2 0.4329328767123287 0.7360665362035226 0.07335068493150682 0.061291585127201564
0 0.3210945205479452 0.6473630136986301 0.009071232876712298 0.01498043052837561
0 0.3613246575342466 0.5919765166340509 0.01058356164383567 0.022945205479452002
2 0.4315232876712329 0.6546232876712329 0.04231780821917808 0.06464774951076313
