0 0.4444029645896239 0.6887677609015188 0.047136975020587446 0.16822635962763355
0 0.28718226736206426 0.7051665850073494 0.012629700796047194 0.05555609995100441
0 0.17974059840790557 0.6608304752572268 0.035973099094153194 0.04167074963253303
0 0.48054625308811416 0.9749338559529643 0.016162503431237984 0.03098481136697695
0 0.27793439472961845 0.829047035766781 0.0574608838869064 0.21164625183733465
0 0.32898023606917376 0.6324252817246447 0.02073840241559155 0.09977462028417439
0 0.5227381279165524 0.7473689367956884 0.01914081800713696 0.04166585007349344
0 0.6083722206972275 0.9207006369426751 0.05061762283832005 0.13125918667319936
1 0.6612819105133132 0.9786746692797648 0.03896788361240733 0.019230769230769162
0 0.4853348888278891 0.8899975502204802 0.03651111721108974 0.14316021558059766
0 0.4832404611583859 0.793843704066634 0.023944551194070796 0.061964723174914194
0 0.23510705462530881 0.629311611954924 0.03058742794400221 0.0555560999510043
0 0.08578094976667582 0.8417442430181283 0.17046390337633818 0.30573248407643316
0 0.4979041998353006 0.6992920137187653 0.007782047762832867 0.028843704066634057
0 0.2785314301399945 0.9610436060754531 0.0203513587702443 0.06944634982851539
