0 0.4906148778479275 0.552937285644292 0.05105682130112543 0.01546790788829
1 0.27174581388965136 0.6812616364527192 0.03312105407631072 0.012146006859382608
1 0.295791929728246 0.6660803527682508 0.03765577820477628 0.010122488975992106
0 0.5282239912160307 0.6981210191082803 0.010398023606917328 0.06801077902988728
0 0.5468295360966237 0.7648701616854483 0.023991216030743834 0.08564429201371881
0 0.4032926159758441 0.6298652621264087 0.05408454570409005 0.06107300342969135
2 0.24102525391161134 0.7249902008819207 0.0531677189129838 0.07640862322390984
0 0.42680071369750205 0.675391964723175 0.019283557507548732 0.05952474277315034
0 0.2876255833104584 0.6729617834394904 0.017694208070271722 0.014977951984321392
2 0.12367554213560253 0.824906908378246 0.17785890749382377 0.19899559039686432
1 0.3948641229755696 0.7144953454189122 0.25632171287400496 0.04869671729544345
0 0.2900878396925611 0.8227290543851054 0.0882020312928905 0.13818716315531598
