0 0.5296362887729893 0.8194463498285154 0.032975569585506403 0.08228319451249388
0 0.23045704090035685 0.936156295933366 0.06308262421081531 0.12426751592356688
0 0.01716167993412023 0.8807422831945124 0.03432335986824046 0.041984321411073
0 0.3852443041449355 0.7283463988241059 0.013173208893768884 0.054576188143067195
0 0.28690639582761457 0.6397672709456148 0.03862201482294808 0.0570945614894659
0 0.4489596486412297 0.8496741793238609 0.06355201756793849 0.2989073983341499
0 0.0695786439747461 0.7854434100930916 0.13552292066977767 0.14861342479176864
0 0.34779989020038427 0.5977853993140617 0.021166620916826806 0.05373836354728079
0 0.49132171287400495 0.7287677609015188 0.015522920669777673 0.047021068103870634
0 0.2666785616250343 0.5965262126408624 0.045204501784243734 0.046183243508084226
0 0.1321424650013725 0.6834296913277805 0.05837771067801263 0.05373836354728079
0 0.15566291517979686 0.9445541401273885 0.06214109250617622 0.10579617834394905
0 0.5917279714521 0.9197844194022538 0.050850947021685466 0.15365017148456628
0 0.40311968158111444 0.5788951494365507 0.02352182267362063 0.10831455169034787
0 0.12485177051880317 0.9155854973052424 0.10400494098270656 0.16204801567858895
2 0.24903925336261323 0.7799877511024007 0.14822399121603072 0.20318961293483595
0 0.10344770793302224 0.8072733953944145 0.11943453197913807 0.1418961293483587
