0 0.22370547945205477 0.637725048923679 0.064172602739726 0.1020352250489237
0 0.18653287671232877 0.7612769080234834 0.046726027397260256 0.05714285714285705
0 0.3699753424657534 0.6762866927592955 0.014575342465753427 0.034422700587084076
0 0.16095068493150685 0.7225954011741683 0.04478356164383562 0.0458855185909981
0 0.1865986301369863 0.8899730919765166 0.021158904109589066 0.04533757338551858
0 0.28707945205479457 0.5457901174168298 0.008306849315068476 0.02701076320939333
0 0.25510410958904106 0.7082191780821917 0.005583561643835611 0.01982387475538161
0 0.05154383561643836 0.8843933463796478 0.10147123287671234 0.12518590998043055
0 0.15475616438356166 0.8540117416829744 0.016843835616438346 0.04060665362035232
0 0.1859095890410959 0.8095914872798434 0.0344821917808219 0.066472602739726
0 0.2434917808219178 0.9168395303326811 0.021158904109589066 0.16288649706457925
1 0.10804109589041096 0.7077544031311154 0.16271232876712327 0.03175146771037174
0 0.09092739726027396 0.8541609589041096 0.04704931506849315 0.06763698630136994
0 0.3337698630136986 0.6578155577299414 0.02304109589041098 0.07304794520547941
1 0.2542794520547945 0.6943542074363993 0.13076164383561642 0.009109589041095822
0 0.1171123287671233 0.8010469667318982 0.031934246575342454 0.040831702544031345
0 0.1365767123287671 0.7630870841487281 0.012660273972602748 0.0330724070450098
0 0.3210767123287671 0.8454696673189824 0.02962739726027397 0.3005870841487279
0 0.27451643835616435 0.5962279843444227 0.023997260273972587 0.07524461839530328
0 0.22865479452054793 0.7143395303326809 0.01407123287671233 0.030900195694716248
0 0.09807397260273973 0.9353962818003914 0.0765095890410959 0.12453033268101754
0 0.24808082191780823 0.5696991193737769 0.021767123287671275 0.029153620352250442
2 0.24985753424657536 0.6635445205479451 0.029101369863013732 0.058038160469667255
