0 0.1676598956903651 0.8173493385595296 0.046618171836398575 0.0696913277804998
0 0.07002607740872907 0.8752817246447819 0.13547900082349712 0.15701126898579132
2 0.44688992588525944 0.737890739833415 0.14275597035410376 0.25481136697697204
0 0.3995004117485589 0.6063204311611955 0.015789184737853512 0.043733463988241184
1 0.25611446609936867 0.7696423321901028 0.08787537743617893 0.021048505634492898
0 0.5775912709305517 0.8492013718765311 0.03136151523469666 0.05772660460558554
0 0.22121740323908867 0.6918961293483585 0.008814164150425463 0.01477707006369433
0 0.4384298654954708 0.5894414502694757 0.01698600054899807 0.0303184713375797
1 0.21724128465550369 0.7684762371386575 0.07676640131759535 0.03620774130328275
0 0.34937825967609115 0.7536354728074472 0.030054899807850644 0.05772660460558543
1 0.29617760087839695 0.7206810387065165 0.11161405435080979 0.036482116609505066
1 0.2363436727971452 0.7014821166095051 0.2808674169640406 0.051224889759921566
0 0.48432610485863303 0.6156785889269965 0.006862475981334049 0.019823615874571376
1 0.3249107878122427 0.6677878490935816 0.09419160032939883 0.022836844683978397
1 0.18747186384847653 0.6824154826065654 0.07941806203678287 0.008476237138657416
0 0.5832610485863299 0.9307006369426751 0.0554597858907494 0.13014208721215081
0 0.2081471314850398 0.7221190592846644 0.06535822124622565 0.05142087212150903
