0 0.05376986301369863 0.8899730919765166 0.029150684931506847 0.0638111545988258
0 0.06787534246575343 0.814405577299413 0.06958630136986302 0.06885029354207439
2 0.30665890410958907 0.7775636007827789 0.02210684931506851 0.030029354207436354
0 0.3807287671232876 0.5532803326810176 0.008975342465753433 0.021090998043052922
3 0.28888082191780823 0.8204598825831702 0.045060273972602816 0.049559686888454135
0 0.25882602739726024 0.9172504892367906 0.049663013698630076 0.1463502935420744
1 0.20728767123287672 0.7451369863013698 0.1744438356164384 0.009236790606653722
3 0.3220767123287671 0.6975587084148729 0.026454794520547942 0.01721135029354215
3 0.31130821917808216 0.7493542074363992 0.03174520547945209 0.014843444227005897
1 0.36785890410958905 0.7254036203522505 0.19841917808219178 0.020151663405088005
1 0.343486301369863 0.5317685909980431 0.0598383561643836 0.014623287671232887
0 0.36937534246575343 0.5989579256360078 0.011430136986301409 0.04421722113502935
