3 0.7418972602739726 0.649417808219178 0.05783287671232873 0.04114481409001969
3 0.5679260273972603 0.661174168297456 0.08134246575342474 0.044500978473581254
0 0.5397534246575342 0.915875733855186 0.048821917808219095 0.16824853228962822
0 0.4329808219178082 0.5742710371819961 0.009873972602739756 0.026868884540117377
3 0.49810136986301373 0.6469006849315069 0.05172054794520553 0.03778375733855188
0 0.4689506849315068 0.6893003913894324 0.025391780821917842 0.08564579256360083
0 0.44920136986301373 0.6804843444227006 0.011284931506849338 0.039461839530332776
3 0.5872041095890411 0.6229696673189824 0.06253424657534246 0.023512720156555922
3 0.7207260273972602 0.5772578277886498 0.036602739726027345 0.02040606653620347
0 0.4687150684931507 0.7728424657534246 0.012695890410958866 0.022671232876712244
0 0.5084465753424657 0.7934148727984345 0.017868493150684894 0.05877690802348334
