0 0.2573643835616438 0.700215264187867 0.03197260273972602 0.06045009784735811
1 0.6718342465753424 0.8285518590998043 0.05646301369863005 0.03708414872798427
0 0.36894109589041096 0.5588869863013699 0.014512328767123273 0.016599804305283627
1 0.8608561643835617 0.9546232876712328 0.07852328767123284 0.06045009784735811
1 0.8354698630136986 0.8849437377690803 0.11990958904109594 0.07722602739726014
1 0.23866301369863013 0.6400562622309198 0.14170958904109587 0.010494129158512666
2 0.7365054794520548 0.7862230919765166 0.07601369863013696 0.07976516634050879
0 0.3083753424657534 0.6327666340508806 0.007512328767123322 0.020406066536203582
1 0.10572602739726028 0.9709955968688846 0.10579178082191781 0.056257338551859104
0 0.2768657534246575 0.6572553816046967 0.02089863013698634 0.029735812133072415
0 0.8346589041095891 0.8117612524461839 0.12029315068493152 0.06646771037181998
1 0.410413698630137 0.6283953033268102 0.1123232876712329 0.0198238747553815
0 0.9367301369863015 0.8757827788649707 0.07993150684931505 0.06297455968688848
1 0.4195794520547945 0.6506775929549902 0.15516438356164386 0.015112524461839638
1 0.35646986301369865 0.5594960861056752 0.12607397260273973 0.01134050880626225
1 0.051419178082191784 0.9071844422700587 0.09968219178082192 0.03946673189823868
1 0.277845205479452 0.6117759295499021 0.02938904109589041 0.021575342465753322
0 0.15815205479452055 0.8106262230919765 0.15798630136986302 0.17716242661448145
0 0.42131917808219177 0.54896771037182 0.018139726027397274 0.03077299412915846
1 0.334927397260274 0.5991780821917807 0.18276438356164382 0.01943248532289632
0 0.0178 0.805589530332681 0.028679452054794517 0.03274461839530329
0 0.3525780821917808 0.974774951076321 0.0192767123287671 0.048698630136986276
3 0.5655753424657535 0.688461350293542 0.09450958904109596 0.08060176125244611
0 0.5641643835616439 0.8849363992172212 0.08980821917808213 0.216624266144814
3 0.4938808219178082 0.6141609589041096 0.030386301369862978 0.029153620352250664
