0 0.28620093329673346 0.8614306712395885 0.09459785890749381 0.27204311611954923
0 0.34745127642053253 0.6584762371386575 0.008270656052703829 0.024487996080352792
1 0.36852182267362066 0.7535399314061735 0.07295909964315123 0.015948064674179308
0 0.41918199286302493 0.5579250367466928 0.015245676640131711 0.023806957373836313
0 0.40829536096623664 0.8908182263596276 0.043277518528685166 0.2132680058794708
0 0.13356299752950865 0.7312885840274375 0.2671259950590173 0.2283782459578637
0 0.41979549821575624 0.6826163645271925 0.01724677463628871 0.07557079862812344
0 0.3653074389239638 0.6192944634982852 0.009407082075212736 0.025889269965703177
0 0.37745951139171013 0.6385080842724156 0.014628053801811647 0.03106810387065162
0 0.3866648366730716 0.6021509064184223 0.008245951139171093 0.023792258696717306
0 0.4329289047488334 0.6108966193042626 0.01842437551468573 0.053875551200392
0 0.34486549547076584 0.574203821656051 0.0250425473510843 0.022351788339049383
0 0.35934943727696955 0.6939245467907889 0.01406533077134231 0.06296913277805005
