0 0.42483424657534247 0.5757460861056751 0.0040958904109588135 0.013781800391389543
0 0.36214657534246575 0.5833757338551859 0.018895890410958904 0.029755381604696596
0 0.3252958904109589 0.6532338551859099 0.011972602739726002 0.022837573385518617
0 0.42565890410958906 0.5491634050880626 0.0034109589041095845 0.005391389432485294
0 0.26633698630136987 0.6170792563600782 0.01077808219178078 0.01586105675146776
1 0.4458493150684931 0.6028228962818003 0.03313424657534242 0.004295499021526372
0 0.4038095890410959 0.6509980430528375 0.028868493150684904 0.037896281800391285
1 0.37266849315068495 0.680883072407045 0.17060821917808217 0.03644324853228964
3 0.4363602739726027 0.6251810176125245 0.019652054794520535 0.014510763209393374
0 0.38419178082191785 0.5499828767123287 0.007347945205479434 0.01077788649706457
0 0.37620547945205485 0.5955528375733855 0.006443835616438298 0.013160469667319097
0 0.4265301369863014 0.6534271037181996 0.017169863013698605 0.037901174168297525
1 0.42003972602739725 0.5635689823874755 0.025997260273972533 0.004779843444226994
1 0.30107808219178084 0.633312133072407 0.02285753424657533 0.008258317025440332
0 0.456672602739726 0.6796966731898239 0.01438630136986302 0.03150684931506853
1 0.4114561643835617 0.6130993150684931 0.068972602739726 0.02058219178082188
2 0.34154657534246574 0.5612157534246576 0.015367123287671314 0.019055772994129083
