0 0.3270724677463629 0.5989024987751103 0.027216579741970892 0.026722195002449878
0 0.2508029096898161 0.9778882900538952 0.033870436453472375 0.034424301812836844
2 0.4381196815811145 0.5964747672709456 0.02881141916003299 0.03320431161195492
2 0.4313972001097996 0.816859382655561 0.1100631347790283 0.3645369916707497
1 0.2507754597858908 0.9333072023517883 0.042374416689541616 0.03693287604115625
1 0.2650494098270656 0.8589955903968642 0.03923414768048314 0.020989710926016758
1 0.3748270656052704 0.6223860852523273 0.1835273126544057 0.017824595786379294
0 0.23816771891298377 0.6779911807937286 0.08904474334339826 0.08745712885840273
0 0.2928218501235246 0.7766315531602156 0.07013450452923414 0.13267515923566875
0 0.5241092506176228 0.854796668299853 0.035750754872358015 0.1419010289073983
0 0.3620518803184189 0.5661587457128858 0.06427395004117487 0.026653601175894215
0 0.26956766401317594 0.6197574718275356 0.026996980510568203 0.01579127878490938
0 0.39660719187482846 0.6059897109260166 0.008394180620367897 0.016604605585497256
0 0.0778575349986275 0.9554679078882901 0.12658523195168817 0.08228319451249377
0 0.2001605819379632 0.8685448309652132 0.11248147131485042 0.12170504654581094
0 0.1873812791655229 0.6897084762371387 0.1100356848751029 0.09535031847133757
0 0.40213011254460607 0.5572170504654581 0.03743068899258856 0.03104360607545331
0 0.09336673071644248 0.8165090641842234 0.18673346143288497 0.1687653111219991
