2 0.1257685973099094 0.9029911807937285 0.2319105133132034 0.19059774620284176
2 0.39418199286302497 0.5742773150416463 0.0526846006038979 0.08564429201371881
2 0.4245004117485589 0.6678956393924547 0.05216854241010155 0.054576188143067084
0 0.578816909140818 0.9689024987751103 0.022108152621465815 0.05205291523762867
1 0.3540337633818281 0.5853013228809407 0.016038978863574027 0.006418422341989194
0 0.33984079055723304 0.5800538951494365 0.016332692835575036 0.028574228319451223
0 0.1215591545429591 0.7157545320921117 0.08613230853692011 0.08648211660950522
0 0.027712050507823223 0.8060142087212151 0.050850947021685425 0.06549240568348846
0 0.31668542410101563 0.6461979421852033 0.019964315124897047 0.025507104360607658
0 0.22316634641778754 0.6271729544341009 0.09553939061213282 0.08900538951494374
