1 0.23866593466922864 0.87452964233219 0.06256382102662639 0.025188633023027873
0 0.424264342574801 0.6431259186673199 0.08095800164699418 0.21326800587947092
2 0.3974512764205325 0.9029911807937285 0.06213834751578362 0.19227339539441457
0 0.043961021136426026 0.8611268985791279 0.013911611309360417 0.01312101910828023
0 0.40660032939884705 0.7845957863792259 0.025871534449629474 0.03776580107790306
0 0.2508029096898161 0.9379201371876531 0.06303321438374968 0.1133512983831455
0 0.3120724677463629 0.6926629103380696 0.020274499039253324 0.047021068103870745
3 0.39065468020861926 0.8769622733953943 0.03057644798243203 0.03274865262126403
0 0.5094317869887456 0.8639490445859872 0.0884381004666484 0.2418128368446839
0 0.22320203129289046 0.6621509064184223 0.03988745539390612 0.043145516903478676
1 0.024633543782596766 0.850656540911318 0.048756519352182275 0.005879470847623747
0 0.19999862750480374 0.8858647721705046 0.0837304419434532 0.18051935325820678
0 0.32745951139171015 0.6566952474277316 0.0040214109250617525 0.01188143067123959
0 0.3324334339829811 0.6642454679078882 0.004048860828987089 0.01386085252327296
