0 0.446044468844359 0.588155316021558 0.026275048037331883 0.09198922097011275
0 0.4598956903650837 0.7581210191082803 0.024046115838594617 0.12552180303772664
2 0.34139308262421075 0.7261832435080842 0.05650562723030467 0.1561685448309652
1 0.42891847378534176 0.6459480646741793 0.04344221795223718 0.02480156785889276
0 0.46588800439198463 0.9109456148946595 0.07780949766675821 0.17810877021068106
1 0.37924238265166066 0.858172464478197 0.0496733461432885 0.05138657520823131
0 0.40677189129838043 0.6041866731994121 0.009470216854240987 0.03745712885840258
3 0.30346692286577 0.6129593336599706 0.009261597584408476 0.007760901518863217
0 0.31797556958550643 0.5999657030867221 0.01903650837222065 0.016168544830965192
0 0.4635890749382377 0.6651592356687898 0.024575898984353528 0.05904948554630085
0 0.4557823222618721 0.532437530622244 0.03850947021685419 0.04237628613424793
0 0.45829536096623663 0.5437359137677609 0.007230304693933598 0.022278294953454236
0 0.4429728245951139 0.7594732974032338 0.02383749656876205 0.11067613914747665
2 0.2353966511117211 0.9034125428711416 0.2441888553390063 0.18807937285644294
