0 0.393013698630137 0.8811570450097848 0.014575342465753371 0.09487769080234842
0 0.29262876712328767 0.8526100782778865 0.03385479452054796 0.13518101761252455
0 0.289572602739726 0.736320939334638 0.03244383561643838 0.07892367906066533
0 0.2517219178082192 0.8526100782778865 0.011284931506849283 0.06800880626223094
0 0.39113287671232877 0.7056727005870842 0.02115890410958904 0.06129647749510758
1 0.21998356164383562 0.7081922700587084 0.1481095890410959 0.03610078277886497
0 0.37632191780821916 0.9789726027397261 0.04795890410958903 0.036947162426614555
0 0.1022 0.7543713307240705 0.06770958904109589 0.06129647749510758
0 0.23836712328767123 0.7601663405088063 0.04889863013698628 0.09739726027397255
0 0.3648027397260274 0.7703253424657535 0.014575342465753482 0.12174657534246591
0 0.12124246575342468 0.7862793542074364 0.05407397260273973 0.07304794520547941
0 0.05447534246575343 0.8458928571428572 0.09074794520547946 0.08144324853228968
2 0.4155835616438356 0.6107950097847358 0.055950684931506844 0.09991682974559679
0 0.3112013698630137 0.9453889432485323 0.10297260273972603 0.10411448140900204
1 0.38407945205479455 0.6846819960861057 0.20829589041095892 0.041144814090019466
2 0.4903917808219178 0.916756360078278 0.15798356164383565 0.16541095890410962
