2 0.03669589041095891 0.8687622309197651 0.07318356164383562 0.11619373776908015
2 0.23897534246575342 0.6541658512720157 0.036098630136986304 0.012186888454011724
1 0.3729602739726028 0.5718786692759295 0.10543287671232876 0.010577299412915964
3 0.3067575342465753 0.718608121330724 0.0440191780821918 0.020689823874755375
3 0.332841095890411 0.6601174168297457 0.07255890410958904 0.04859099804305289
2 0.24876164383561644 0.973238747553816 0.05759452054794523 0.05061643835616447
2 0.11562602739726027 0.7831139921722113 0.07621643835616437 0.042274951076320955
2 0.3170684931506849 0.7541854207436398 0.04558904109589046 0.06071917808219174
2 0.35328904109589043 0.7046624266144814 0.02860547945205477 0.035381604696673175
3 0.3215027397260274 0.6977739726027397 0.06031506849315066 0.02186888454011726
