0 0.201527587153445 0.933219010289074 0.1077710678012627 0.126780989710926
0 0.526600329398847 0.9113865752082313 0.03810321163875929 0.16540911317981388
0 0.28620093329673346 0.7854434100930916 0.2074938237716168 0.28967172954434106
0 0.24692149327477353 0.8958549730524253 0.09883337908317322 0.20654581087702106
0 0.38755421356025255 0.6051665850073493 0.03308262421081526 0.028343949044586036
0 0.4748325555860554 0.5877119059284666 0.1341119956080154 0.08731994120529152
1 0.07642465001372495 0.9537898089171974 0.1378287125995059 0.08060264576188148
0 0.3527628328300851 0.7107177853993141 0.11012077957727151 0.15869181773640362
2 0.553611034861378 0.5354189122978932 0.021929728245951186 0.015854973052425336
0 0.4896788361240736 0.6767099461048506 0.008454570409003603 0.03526212640862325
0 0.07784381004666482 0.8295247427731505 0.15568762009332965 0.209906908378246
