1 0.021060643564356437 0.8738968058968059 0.0412450495049505 0.028796068796068885
1 0.2245321782178218 0.6086240786240786 0.07217326732673268 0.005749385749385771
1 0.3635383663366336 0.783004914004914 0.05711633663366339 0.019798525798525812
0 0.3463056930693069 0.6677813267813268 0.009066831683168353 0.012751842751842823
1 0.3120123762376238 0.6361941031941032 0.07661881188118808 0.01409828009828007
0 0.3739653465346534 0.8878452088452089 0.06074257425742574 0.21148402948402956
1 0.07683539603960396 0.6877346437346438 0.02783415841584158 0.011459459459459476
1 0.3046707920792079 0.5987395577395578 0.03780198019801978 0.007798525798525691
1 0.2427846534653465 0.9218427518427519 0.18735148514851482 0.03729729729729736
0 0.34819554455445545 0.5343243243243243 0.003059405940594062 0.019528255528255545
0 0.04295792079207921 0.7022039312039312 0.08591584158415842 0.08174447174447175
0 0.32382178217821783 0.6068034398034398 0.004222772277227671 0.02603931203931209
0 0.16981064356435643 0.5955184275184275 0.06383415841584159 0.04383292383292381
0 0.38464727722772274 0.6374103194103194 0.050997524752475265 0.11699262899262908
0 0.3536608910891089 0.569914004914005 0.006995049504950501 0.03428501228501235
1 0.14451980198019804 0.677051597051597 0.07086138613861384 0.01199017199017205
