0 0.12994109589041097 0.8971086105675147 0.15328493150684933 0.20067514677103726
1 0.32812739726027396 0.6317857142857143 0.060654794520547894 0.0142759295499022
0 0.5187917808219178 0.9252372798434443 0.034794520547945185 0.14777397260273972
1 0.41887397260273973 0.6578155577299413 0.12648219178082193 0.029388454011741727
3 0.3405876712328767 0.671247553816047 0.03009041095890408 0.044500978473581254
0 0.04953835616438357 0.8652030332681018 0.09780000000000001 0.10831213307240706
0 0.2761712328767123 0.7946722113502935 0.032912328767123245 0.15533268101761255
0 0.13276164383561645 0.7808194716242661 0.06864657534246577 0.0638111545988258
1 0.29356849315068495 0.6527764187866927 0.031032876712328794 0.017636986301369784
0 0.4785890410958904 0.9773116438356164 0.0192767123287671 0.045376712328767166
0 0.2578342465753425 0.6657901174168297 0.07052876712328765 0.10411448140900192
0 0.2 0.7132314090019569 0.06676712328767123 0.07304794520547941
0 0.25454109589041096 0.9319545009784735 0.031032876712328766 0.1293003913894325
0 0.4863479452054794 0.825738747553816 0.012224657534246564 0.11502935420743632
0 0.22797671232876712 0.6624388454011741 0.02680273972602737 0.03524951076320937
0 0.39865616438356166 0.5843468688845401 0.031504109589041096 0.03862524461839534
0 0.4513191780821918 0.9470670254403131 0.013635616438356202 0.05541585127201565
0 0.18072191780821917 0.7812377690802348 0.03949863013698632 0.05289628180039141
