2 0.4160568213011254 0.7312861342479177 0.058800439198462784 0.2989073983341499
0 0.3475885259401592 0.6263351298383146 0.0179220422728521 0.01847133757961783
0 0.3816936590721932 0.913486036256737 0.03532802635190774 0.1696080352768251
0 0.33679247872632445 0.6511024007839294 0.014111995608015404 0.02602645761881428
0 0.05591408180071369 0.8207079862812348 0.10819379632171286 0.09319451249387556
0 0.45978040076859733 0.8782239098481137 0.016415042547351155 0.07556589906908384
0 0.05076310732912434 0.7955193532582068 0.10071369750205873 0.08312101910828029
0 0.5203335163326929 0.8601837334639882 0.11184463354378266 0.2796325330720235
0 0.4541353280263519 0.7816658500734934 0.016417787537743644 0.04870161685448304
0 0.13590721932473235 0.901734443900049 0.1110623112819105 0.19143557079862816
0 0.1554048860828987 0.7396839784419402 0.06162503431237992 0.06716805487506117
0 0.43555448805929176 0.9390960313571779 0.03203678287125994 0.11838804507594314
1 0.16013175953884162 0.7917417932386085 0.07483941806203677 0.03862322390984807
