0 0.43774087290694486 0.6872341989220969 0.040510568213011244 0.07402743753062235
0 0.2958029096898161 0.6239857912787848 0.007614603348888305 0.028118569328760445
0 0.2893041449354927 0.6047697207251348 0.006695031567389542 0.00984321411073008
0 0.41007274224540213 0.6006834884860363 0.011817183639857287 0.013498285154336154
0 0.30884847653033215 0.6061685448309652 0.005371946198188371 0.012092111709946174
0 0.4265358221246226 0.6401910828025478 0.014806478177326332 0.023900048995590284
0 0.3504295909964315 0.5654875061244489 0.0041037606368377055 0.006996570308672179
0 0.31610074114740594 0.5794830965213131 0.004383749656876212 0.0079715825575698
0 0.37224540214109253 0.6292062714355708 0.034954707658523154 0.04431161195492406
0 0.3647021685424101 0.583953944145027 0.012445786439747475 0.01377756001959829
1 0.4085067252264617 0.6496129348358648 0.0421410925061762 0.009328760411563053
0 0.3639157287949492 0.5977315041646252 0.013705737029920395 0.013777560019598178
0 0.3303472412846555 0.6089784419402253 0.01654954707658518 0.030088192062714403
