0 0.6390282734010431 0.9659627633512984 0.042805380181169306 0.06633023027927498
0 0.20334751578369475 0.9451053405193532 0.05870710952511665 0.1097893189612934
0 0.14208070271754047 0.7434909358157766 0.027872632445786444 0.03918177364037245
0 0.42778891023881416 0.8551322880940716 0.030614877847927546 0.28799118079372854
0 0.30749656876200937 0.9290029397354238 0.03443315948394182 0.13803527682508576
0 0.5423593192423826 0.7808255756981871 0.08279165522920662 0.19311611954924057
0 0.3317691463079879 0.7854262616364527 0.014111995608015349 0.058437040666340034
0 0.29479412572055996 0.8091058304752572 0.020321163875926473 0.0534002939735424
0 0.5011995608015372 0.8110509554140126 0.029634916277793022 0.0570945614894659
0 0.4818830634092781 0.9252425281724646 0.047543233598682344 0.14441940225379712
0 0.06391984628053803 0.8237138657520823 0.12305791929728246 0.13703086722195001
