0 0.39865753424657535 0.6451394324853229 0.009873972602739756 0.03626712328767123
0 0.4085082191780822 0.5453449119373777 0.004726027397260246 0.014173189823874721
0 0.42428219178082194 0.9764530332681017 0.012224657534246619 0.0436594911937378
0 0.33659041095890413 0.6888820939334638 0.03526301369863016 0.08144324853228957
0 0.22054246575342468 0.632502446183953 0.015895890410958874 0.01214774951076314
0 0.31190547945205477 0.874858121330724 0.010342465753424679 0.07052837573385518
0 0.4231068493150685 0.671247553816047 0.012695890410958921 0.0344227005870843
0 0.38408082191780823 0.8118860078277886 0.018336986301369818 0.05709882583170245
0 0.39936164383561645 0.9088625244618396 0.033852054794520525 0.11670743639921721
0 0.41172054794520546 0.6150244618395303 0.006613698630136944 0.06107632093933457
0 0.3405876712328767 0.6368224070450097 0.014106849315068504 0.024349315068493138
0 0.4325109589041096 0.8051712328767123 0.03808493150684933 0.08396281800391381
0 0.39924931506849315 0.5993321917808219 0.006991780821917759 0.03239236790606659
0 0.3278931506849315 0.8009711350293542 0.016926027397260235 0.06885029354207439
0 0.34693561643835613 0.7518517612524462 0.01081369863013698 0.05457436399217219
0 0.4123821917808219 0.5738576320939335 0.007180821917808222 0.017881604696673215
0 0.35022739726027396 0.9319545009784735 0.02962191780821921 0.1343395303326811
0 0.29309726027397265 0.7610885518590997 0.015986301369862954 0.02603228962818005
1 0.2799328767123288 0.8719178082191781 0.5538876712328767 0.07976516634050879
0 0.16751643835616437 0.6603277886497064 0.01880273972602739 0.015058708414872779
0 0.11861643835616438 0.7288600782778865 0.2001917808219178 0.16384540117416835
0 0.36292191780821914 0.6158317025440313 0.011756164383561585 0.022671232876712466
