0 0.15730990941531703 0.7035791278784909 0.04567664013175951 0.0428172464478197
0 0.34711913258303595 0.60828025477707 0.007573428493000245 0.020989710926016758
0 0.2972550096074663 0.713655071043606 0.01698051056821298 0.023508084272415575
0 0.22340241559154542 0.7506001959823616 0.10729892945374692 0.14273885350318483
0 0.4214424924512764 0.8891376776090152 0.024510019214932732 0.21998040176384126
2 0.08557233049684326 0.8270063694267515 0.17033214383749656 0.20487016168544836
0 0.31089761185835846 0.6439637432631062 0.041443864946472675 0.05877511024007842
1 0.25612681855613506 0.9382557569818717 0.5122536371122701 0.12174424301812847
0 0.21940296458962394 0.6431283684468398 0.05790557233049684 0.07052915237628599
1 0.26161817183639857 0.5720406663400294 0.022050507823222598 0.021131798138167568
0 0.32265303321438377 0.7816609505144537 0.09790008234971176 0.25020088192062717
0 0.355349986275048 0.8391817736403724 0.042854790008234944 0.1385399314061735
0 0.43296733461432885 0.6901445369916708 0.058753774361789746 0.184718275355218
