0 0.19376612681855615 0.9193802057814797 0.1327038155366456 0.16123958843704067
0 0.2587057370299204 0.6695737383635473 0.08749656876200929 0.07976482116609507
0 0.4047433433982981 0.7883831455169035 0.02780126269558053 0.05373836354728079
0 0.28737578918473783 0.8421190592846644 0.1289376887180895 0.3123419892209701
0 0.4476036233873181 0.5649706026457619 0.016607191874828453 0.018466438020578235
0 0.11452648915728796 0.7917417932386085 0.19521822673620642 0.16960803527682522
0 0.3659099643151249 0.8522097011268985 0.06115289596486417 0.2955805977462028
0 0.47836124073565744 0.5780524252817246 0.02732912434806478 0.041141597256247
0 0.352998902003843 0.5868716315531601 0.0935629975295087 0.07052915237628621
0 0.16645896239363162 0.7165923566878981 0.09031567389514135 0.07808427241548266
0 0.3725199011803459 0.6611758941695247 0.03767773812791653 0.07976482116609507
0 0.49129700796047215 0.9802523272905439 0.01651111721108972 0.0394953454189122
0 0.4705997804007686 0.6296913277804997 0.017449903925336296 0.05373836354728079
