0 0.3344166895415866 0.7510191082802548 0.02639033763381826 0.05793238608525231
0 0.35323634367279716 0.6544610485056346 0.017930277244029624 0.04450269475747193
0 0.06770656052703816 0.8668887800097991 0.13541312105407632 0.16708476237138659
0 0.20482157562448533 0.7854434100930916 0.09083447707933023 0.15701126898579132
0 0.3897227559703541 0.5967883390494855 0.01175953884161407 0.01574228319451254
0 0.48968020861926986 0.9210436060754532 0.02915454295909964 0.1561685448309652
0 0.4480441943453198 0.8169304262616365 0.030576447982432087 0.10579617834394894
0 0.379269832555586 0.5687996080352768 0.011759538841614015 0.028574228319451223
0 0.4016456217403239 0.5787138657520823 0.010126269558056622 0.018074473297403193
0 0.2727944002195992 0.9487677609015188 0.02827340104309639 0.10246447819696236
0 0.27065056272303045 0.7438975992160706 0.1669283557507549 0.3962616364527193
0 0.4330057644798243 0.7096129348358647 0.07153993961021138 0.13644292013718773
0 0.4176791106231128 0.9739416952474278 0.017828712599505858 0.05205781479666827
0 0.37299066703266537 0.7094561489465948 0.014161405435080932 0.05877511024007842
0 0.40540214109250616 0.6204017638412542 0.008493000274499007 0.03964723174914264
0 0.36963217128740056 0.5755071043606075 0.008169091408180063 0.025654091131798062
0 0.4094468844359045 0.9025722684958354 0.042852045017842455 0.06548750612444887
0 0.15354652758715343 0.9567270945614895 0.06637386769146306 0.0848015678588927
0 0.32312791655229206 0.83750122488976 0.03768048311830907 0.1284664380205781
0 0.37257342849300024 0.6166119549240567 0.006859730990941559 0.019240568348848686
