0 0.5300753424657534 0.8248997064579257 0.026331506849315067 0.07640410958904109
0 0.3234260273972603 0.6540362035225049 0.030561643835616437 0.05709393346379654
0 0.5579150684931506 0.5827788649706458 0.048432876712328876 0.031095890410958837
0 0.5300753424657534 0.9252348336594911 0.036676712328767125 0.11922700587084145
0 0.7368232876712328 0.6998776908023484 0.02258356164383557 0.022837573385518617
0 0.3757287671232877 0.6154329745596869 0.004328767123287669 0.010543052837573397
0 0.6087986301369863 0.6226223091976517 0.052243835616438306 0.04810176125244625
0 0.4872876712328767 0.7228864970645792 0.03949589041095891 0.07556751467710376
0 0.7064835616438356 0.6770425636007827 0.03700547945205468 0.03158023483365957
1 0.8266164383561644 0.7681482387475538 0.019863013698630194 0.05150195694716242
0 0.2039972602739726 0.8731800391389433 0.04466849315068494 0.0671722113502935
