0 0.2441972602739726 0.8211227984344422 0.12413150684931507 0.3560029354207437
0 0.2672369863013699 0.8723385518590998 0.0705287671232877 0.24853228962818008
0 0.31895753424657536 0.5713331702544031 0.015986301369862954 0.03778375733855188
0 0.2643712328767123 0.6337010763209394 0.006802739726027407 0.015063600782778797
0 0.41018082191780825 0.9118028375733855 0.010334246575342487 0.09403620352250497
2 0.08824520547945207 0.8349779843444227 0.17649041095890414 0.21914383561643835
1 0.25081369863013697 0.7016609589041096 0.07235616438356163 0.052636986301369815
0 0.2787369863013699 0.6318542074363993 0.011972602739726057 0.022348336594911866
2 0.1786054794520548 0.6934980430528376 0.06253698630136986 0.06213307240704502
1 0.3923082191780822 0.8920719178082192 0.023509589041095902 0.027705479452054815
0 0.31508630136986304 0.685141878669276 0.016101369863013693 0.08584148727984353
