0 0.08151095890410959 0.8391756360078277 0.1626876712328767 0.12678571428571417
0 0.2902767123287672 0.6212915851272016 0.057364383561643806 0.053737769080234865
0 0.21246027397260275 0.7153277886497065 0.09826849315068498 0.1326614481409003
0 0.4232849315068493 0.5809099804305284 0.005101369863013683 0.00843444227005874
0 0.14545753424657534 0.7065141878669274 0.06300821917808219 0.056257338551859104
0 0.3586890410958904 0.6376638943248532 0.02115890410958904 0.024349315068493138
0 0.596172602739726 0.7158561643835617 0.05518356164383553 0.05655577299412917
0 0.5161589041095891 0.6476369863013698 0.010153424657534216 0.03673189823874756
0 0.38948356164383563 0.6305283757338551 0.005635616438356195 0.013405088062622306
0 0.23714657534246575 0.638084637964775 0.0808684931506849 0.05709882583170245
