0 0.48361515234696684 0.8864355707986282 0.045078232226187176 0.13994610485056336
0 0.4292821850123525 0.8220896619304263 0.0104556684051606 0.03789808917197457
0 0.46999313752401867 0.7439955903968642 0.12779851770518802 0.11395884370406661
0 0.45263930826242105 0.9048848603625674 0.013392808125171574 0.032072513473787256
0 0.4463738676914631 0.6130671239588437 0.04782322261872085 0.07976482116609518
0 0.34115975844084545 0.6002866242038216 0.02110623112819099 0.049010289073983304
0 0.3980236069173758 0.5726482116609505 0.012588525940159245 0.009598236158745665
0 0.36571781498764755 0.9789563939245468 0.008712599505901752 0.02381185693287602
0 0.4614589623936316 0.8654973052425282 0.014046115838594553 0.025712885840274424
2 0.19888553390063135 0.9146227339539441 0.13804556684051605 0.164718275355218
0 0.3865838594564919 0.865874571288584 0.009451001921493285 0.023057324840764393
1 0.24372906944825695 0.6241303282704557 0.01746637386769148 0.007692307692307665
1 0.06812105407631074 0.7664576188143067 0.053991216030743895 0.012552670259676768
0 0.012429316497392259 0.8190960313571778 0.024726873455942905 0.017408133268005943
0 0.4032267362064233 0.6880034296913278 0.006047213834751597 0.06850073493385589
1 0.1923318693384573 0.7589955903968644 0.039514136700521535 0.00755512003919645
1 0.3341559154542959 0.5512371386575208 0.020164699423552035 0.004806467417932336
1 0.41079192972824596 0.8507373836354728 0.03161405435080972 0.029843214110729988
0 0.5245772714795498 0.9651518863302302 0.030576447982432087 0.06507104360607541
1 0.3265934669228657 0.6811660950514453 0.05883063409278072 0.01456148946594793
0 0.43872906944825696 0.6284590886820186 0.013719461981883063 0.018192062714355695
1 0.3383955531155641 0.5390666340029397 0.011377985177051908 0.0036893679568839044
0 0.43853417513038706 0.9644536991670749 0.01450452923414769 0.06786869181773636
0 0.18269558056546803 0.665124938755512 0.05066703266538569 0.058304752572268526
0 0.41861103486137796 0.8878025477707007 0.008712599505901697 0.01700636942675149
