0 0.449917650288224 0.5850391964723175 0.02422728520450179 0.047128858402743834
0 0.3656629151797969 0.6044757471827535 0.012522646170738394 0.022836844683978397
0 0.4398105956629152 0.827844194022538 0.0206972275597036 0.24181283684468413
0 0.2812379906670327 0.971420872121509 0.022580290968981676 0.05037726604605586
0 0.4808152621465825 0.7541303282704557 0.04410101564644531 0.1540323370896618
0 0.17541998353005767 0.9151665850073494 0.07813615152346967 0.14441450269475742
0 0.41548037331869336 0.7091866731994121 0.026135053527312657 0.061224889759921686
2 0.1431965413121054 0.7594169524742773 0.11059291792478726 0.1116707496325331
0 0.424758440845457 0.9609260166585007 0.012228932198737386 0.0713669769720724
0 0.5712668130661542 0.8547133757961783 0.11153170463903372 0.26364527192552667
0 0.5399629426297008 0.9284786869181774 0.029127093055174358 0.1233268005879471
0 0.4857136975020587 0.6603527682508574 0.008166346417787573 0.029642332190102927
