0 0.7442479452054795 0.8685616438356165 0.2515534246575343 0.26280821917808217
1 0.27245205479452056 0.7650440313111546 0.5294520547945206 0.045352250489236745
0 0.511972602739726 0.8622627201565558 0.09733150684931502 0.27204011741682965
0 0.144986301369863 0.7178498043052837 0.10438356164383564 0.07724559686888466
0 0.42286986301369867 0.6603302348336595 0.021630136986301396 0.04616927592955
0 0.2032904109589041 0.6615924657534247 0.016926027397260263 0.023507827788649682
0 0.021006849315068493 0.8278400195694715 0.042013698630136986 0.05037671232876717
0 0.6727780821917808 0.7027348336594912 0.0644164383561644 0.0486986301369865
0 0.06552465753424658 0.75353228962818 0.04231506849315068 0.03610567514677099
0 0.4705958904109589 0.6989554794520547 0.021158904109589094 0.04113992172211367
0 0.038957534246575345 0.7950954011741682 0.040906849315068494 0.02854696673189816
0 0.0761041095890411 0.7690631115459883 0.032443835616438356 0.020151663405088116
