0 0.21101976393082622 0.7038020578147968 0.03144935492725773 0.045007349338559544
0 0.3250603897886357 0.8077266046055855 0.013601427395004084 0.03540421362077417
0 0.05488882788910239 0.7685325820676139 0.09891298380455668 0.0763596276335129
1 0.3307905572330497 0.7560191082802548 0.16173483392808127 0.040034296913277756
1 0.18076310732912437 0.7317883390494856 0.1320230579192973 0.01334639882410582
3 0.40275048037331873 0.6531847133757962 0.008871808948668736 0.006144047035766764
0 0.33411199560801536 0.6764919157275845 0.04195992314026897 0.03590396864282219
1 0.21351358770244305 0.7470651641352278 0.03779851770518802 0.006673199412052799
1 0.36613230853692014 0.8024963253307202 0.0489596486412297 0.014566389024987747
1 0.34013724951962665 0.7235350318471337 0.04820752127367561 0.020720235178834034
0 0.2622879494921768 0.6673885350318471 0.028643974746088402 0.04905438510534066
0 0.27867828712599507 0.6825110240078394 0.018542410101564655 0.029559039686428368
3 0.4147186384847653 0.6682582067613915 0.017068350260774134 0.005854973052425327
0 0.2458687894592369 0.7609456148946594 0.01671699149052977 0.03894169524742774
1 0.15635465275871535 0.7043949044585988 0.06199835300576448 0.015453209211170993
1 0.2837661268185562 0.7268716315531603 0.023612407356574272 0.009833414992650558
