0 0.6156958550645073 0.9471582557569819 0.0630359593741423 0.09068103870651645
0 0.20312654405709582 0.6595835374816267 0.11858907493823773 0.10159725624693783
0 0.3756437002470491 0.6515384615384615 0.009799615701345077 0.024487996080352792
0 0.5705380181169366 0.9433782459578638 0.05080428218501243 0.10159235668789801
0 0.2000247049135328 0.6799363057324841 0.1332802635190777 0.11719745222929934
0 0.3648476530332144 0.5906075453209212 0.009179247872632412 0.022743753062224425
0 0.17088937688718092 0.8532092111709946 0.15506450727422455 0.285546300832925
0 0.33526626406807575 0.6382459578637922 0.024175130387043664 0.03964723174914253
0 0.293631622289322 0.6751518863302304 0.01767224814713153 0.03206761391474766
0 0.32824320614877844 0.5907226849583538 0.009475706835026076 0.018074473297403082
0 0.5465468020861927 0.8795663890249877 0.08185012352456766 0.10662910338069564
0 0.06953335163326928 0.8031602155805977 0.13646445237441668 0.13350318471337574
0 0.3248133406533077 0.6134639882410583 0.018948668679659608 0.03323860852523275
0 0.2847954982157562 0.6038412542871141 0.020581937963217112 0.026820186183243555
0 0.5338402415591545 0.7960240078392944 0.03858358495745262 0.10747182753552176
0 0.4461117211089761 0.8480769230769232 0.11337633818281634 0.29050955414012736
2 0.41367965962119135 0.6238020578147967 0.06251715618995335 0.11584517393434601
