0 0.12513999451001923 0.7710632043116119 0.011899533351633268 0.016384125428711482
1 0.41367005215481745 0.8541107300342969 0.1709799615701345 0.048319451249387524
0 0.4352182267362064 0.8549730524252817 0.060115289596486376 0.28123468887800096
0 0.19943041449354926 0.6627364037236648 0.0720807027175405 0.07160705536501721
0 0.10270107054625309 0.7476972072513475 0.06902003842986551 0.06675159235668782
0 0.288040076859731 0.6033145516903479 0.006900905846829564 0.00995100440960317
0 0.37863985726049953 0.5995100440960313 0.013936316222893208 0.02106810387065161
1 0.1987798517705188 0.9258402743753062 0.060996431512489735 0.025673689367956776
0 0.15986275048037332 0.7363253307202351 0.040691737578918474 0.06341989220970123
0 0.29755833104584134 0.5921925526702596 0.007869887455393854 0.00995100440960306
0 0.3709332967334614 0.5800489955903969 0.01196815811144658 0.015512003919647355
0 0.06411199560801538 0.8375134737873591 0.12376063683777108 0.10559039686428218
0 0.39233049684326105 0.6470676139147478 0.01442766950315677 0.061749142577168015
0 0.31828163601427395 0.8015678588926997 0.1336810321163876 0.3811856932876041
