0 0.4064150684931507 0.9269153620352251 0.013164383561643789 0.1309833659491193
0 0.44355890410958904 0.9680577299412916 0.012224657534246508 0.04198630136986303
0 0.4634945205479452 0.9876761252446185 0.01877534246575341 0.022837573385518617
2 0.33062602739726027 0.5531237769080235 0.029131506849315092 0.04429060665362028
3 0.30985479452054787 0.5785029354207436 0.011287671232876717 0.004452054794520488
0 0.4519315068493151 0.9328180039138944 0.013063013698630166 0.03741682974559679
2 0.22300547945205482 0.6528253424657534 0.14533698630136987 0.1247798434442271
0 0.4043164383561644 0.5734931506849316 0.019136986301369896 0.03482387475538151
1 0.5176150684931506 0.9172602739726028 0.1358876712328767 0.027710371819960833
2 0.16707260273972604 0.8981164383561644 0.3341452054794521 0.20151663405088072
2 0.117386301369863 0.7549584148727984 0.14105753424657533 0.08144324853228946
