0 0.3936315068493151 0.5369667318982387 0.020243835616438388 0.022739726027397267
0 0.09336849315068493 0.7361276908023483 0.1415205479452055 0.11807729941291578
0 0.19149589041095888 0.6547480430528376 0.058805479452054804 0.050728962818003875
0 0.15797945205479452 0.7663502935420743 0.01404109589041097 0.04780821917808231
0 0.11154657534246575 0.8461154598825831 0.07869315068493152 0.11486301369863006
0 0.24325068493150684 0.6063527397260274 0.04476438356164386 0.046061643835616506
1 0.43522191780821917 0.6315557729941291 0.051430136986301334 0.012133072407044976
0 0.036427397260273976 0.9417392367906068 0.07285479452054795 0.07754892367906063
0 0.3311835616438356 0.6040777886497064 0.02162739726027396 0.04282289628180036
0 0.17935205479452054 0.7064872798434443 0.05934520547945207 0.06948140900195698
0 0.2306794520547945 0.6544569471624266 0.04052054794520546 0.0501467710371819
