2 0.06118995333516333 0.8598726114649682 0.12152346966785617 0.18075453209211179
0 0.37981196815811147 0.8786403723664871 0.051323085369201216 0.2392993630573249
0 0.3417087565193522 0.7220504654581088 0.027705188031841854 0.06045565899069083
0 0.38896102113642606 0.5809921607055366 0.04986275048037331 0.05205781479666827
0 0.2803431237990667 0.8009750122488977 0.08937688718089484 0.13266046055854974
0 0.2090543508097722 0.9101273885350318 0.050378808674169634 0.11755022048015684
0 0.39227696953060665 0.6166780989710926 0.05743892396376615 0.0965605095541402
0 0.41377710678012625 0.5414380205781479 0.02760911336810329 0.026678098971092634
0 0.3299492176777381 0.6767123958843704 0.04661817183639866 0.045340519353258224
0 0.38124622563821026 0.6825894169524742 0.00987647543233594 0.05373346398824108
0 0.17659758440845458 0.7636134247917687 0.10447707933022234 0.10662910338069564
0 0.43085094702168547 0.8127315041646253 0.024507274224540188 0.06045565899069094
0 0.4565866044468845 0.5836428221460068 0.014194345319791413 0.06579617834394902
0 0.17541998353005767 0.7283488486036256 0.10494921767773815 0.09991180793728571
0 0.34617760087839694 0.6301102400783929 0.02356574251990118 0.041141597256247
0 0.3847721657974197 0.5601004409603136 0.008111446609936845 0.013341499265066115
