0 0.11073977491078782 0.9008941695247428 0.09460060389788634 0.10747182753552187
2 0.34027449903925333 0.7925796178343949 0.031517979687071096 0.09739833414992649
0 0.18953197913807301 0.6960240078392945 0.11670875651935217 0.0839637432631063
0 0.11614877847927532 0.7703307202351788 0.06307987922042273 0.059612934835864606
0 0.45013724951962664 0.9252425281724646 0.026390337633818317 0.09404213620774138
0 0.3926928355750755 0.649436550710436 0.01272577545978587 0.05264086232239107
0 0.30499451001921496 0.6385080842724156 0.05597858907493819 0.13014698677119052
0 0.2685410376063684 0.6917074963253307 0.04002470491353283 0.0727829495345419
0 0.3659099643151249 0.6259137677609015 0.03104584133955529 0.0696913277804998
0 0.3619365907219325 0.7035791278784909 0.02215481745813891 0.07220480156785902
0 0.41506725226461705 0.7266707496325331 0.029634916277793022 0.06464968152866235
0 0.04038978863573977 0.8207079862812346 0.07902827340104308 0.0848064674179323
1 0.4092355201756794 0.8022366487016168 0.10066703266538568 0.07640862322390973
1 0.39321712874004944 0.7237310142087212 0.0395608015371946 0.02351298383145517
