0 0.19115564095525667 0.6564894659480647 0.013423003019489455 0.03678098971092614
0 0.3675761734833928 0.7283512983831455 0.015580565468020835 0.08815776580107793
1 0.2659964315124897 0.7014796668299853 0.21779577271479553 0.052895639392454674
0 0.23898847104035137 0.686687898089172 0.014518254186110358 0.019029887310142213
0 0.3438292615975844 0.6700538951494366 0.006143288498490218 0.009563939245467945
0 0.49578918473785344 0.8790617344439 0.0846719736480922 0.23341989220970105
0 0.2626681306615427 0.8834639882410583 0.10727422454021412 0.23307202351788336
0 0.19923414768048311 0.6266217540421363 0.01104035135877024 0.02279764821166097
0 0.22344770793302224 0.6862836844683978 0.005671150150974469 0.016604605585497367
0 0.32309634916277796 0.6624595786379226 0.013862201482294834 0.01124938755512006
