1 0.39802328767123285 0.6174926614481409 0.07937808219178083 0.01224559686888449
0 0.40816027397260274 0.5836717221135029 0.011427397260273975 0.03439823874755388
1 0.2721178082191781 0.6350513698630138 0.039682191780821996 0.008909001956947216
0 0.46824520547945203 0.8962695694716243 0.015515068493150708 0.09656066536203523
1 0.8499301369863013 0.6428767123287672 0.09013424657534241 0.017250489236790623
0 0.25682328767123286 0.738167808219178 0.019794520547945227 0.023507827788649682
0 0.4049945205479452 0.6093346379647748 0.008619178082191814 0.014559686888453993
0 0.19052602739726027 0.674774951076321 0.038602739726027374 0.027710371819960833
1 0.8845589041095892 0.6554892367906067 0.0540493150684932 0.021320939334637967
0 0.26823287671232876 0.801543542074364 0.01214794520547946 0.0265900195694716
0 0.29154657534246575 0.7553644814090019 0.02429315068493154 0.04897749510763194
1 0.38221917808219175 0.6633390410958904 0.154827397260274 0.01214774951076325
0 0.31689999999999996 0.6767049902152642 0.013794520547945222 0.02361545988258318
2 0.3416972602739726 0.6061203522504892 0.03007397260273975 0.043150684931506866
1 0.2725972602739726 0.7230626223091976 0.4161205479452055 0.016771037181996018
1 0.3442054794520548 0.6973238747553816 0.14323287671232876 0.012749510763209404
0 0.44543972602739723 0.8064285714285715 0.011284931506849338 0.039461839530332665
