0 0.24654931506849315 0.9840117416829746 0.009405479452054805 0.026868884540117488
0 0.08315616438356165 0.7631873776908022 0.12366027397260274 0.10747064579256371
0 0.3100246575342466 0.779559686888454 0.09968219178082194 0.1855577299412916
0 0.2912164383561644 0.9260763209393347 0.05736438356164386 0.11251467710371821
0 0.3673328767123287 0.6231898238747554 0.05284109589041103 0.07328767123287672
0 0.5139260273972602 0.73668542074364 0.049205479452054834 0.07369373776908017
0 0.3319917808219178 0.5656531311154598 0.024093150684931508 0.02727495107632094
0 0.4231643835616438 0.5853351272015656 0.010235616438356243 0.019965753424657562
1 0.44962054794520545 0.6190777886497065 0.028501369863013715 0.014907045009784792
0 0.1678219178082192 0.7423140900195695 0.023605479452054795 0.03522504892367906
0 0.28790136986301373 0.6117661448140901 0.06440547945205483 0.0683268101761253
0 0.37001917808219176 0.5729647749510763 0.017950684931506866 0.02896281800391387
0 0.3283287671232876 0.6171135029354208 0.021994520547945207 0.042514677103718146
1 0.3751164383561644 0.6759735812133072 0.05909863013698635 0.038483365949119386
0 0.26302328767123284 0.6543688845401174 0.08095068493150687 0.056281800391389414
1 0.3985082191780822 0.635741193737769 0.06575616438356163 0.024701565557729954
0 0.40665068493150686 0.8471501956947163 0.03620547945205477 0.3022651663405087
0 0.16003287671232874 0.9311130136986301 0.0789917808219178 0.13433953033268098
0 0.19930684931506848 0.7037671232876712 0.04693698630136989 0.04251467710371826
0 0.2162219178082192 0.8190239726027397 0.04184657534246575 0.06800880626223094
1 0.21761917808219178 0.7451590019569472 0.07211506849315064 0.043253424657534234
0 0.41174931506849316 0.6090949119373776 0.012282191780821905 0.026428571428571357
0 0.46135205479452057 0.8223776908023483 0.07287945205479451 0.35012720156555777
1 0.20437260273972604 0.689772504892368 0.27509589041095894 0.07433953033268093
0 0.43308630136986304 0.6133121330724071 0.006769863013698585 0.033180039138943185
0 0.39891506849315067 0.5856164383561644 0.011808219178082169 0.009275929549902084
