0 0.1706123287671233 0.6737695694716241 0.050309589041095865 0.024349315068493138
0 0.2 0.6947578277886497 0.06394520547945207 0.08479941291585125
0 0.224686301369863 0.6359833659491194 0.031504109589041096 0.041144814090019466
2 0.17272876712328766 0.9416071428571429 0.1307123287671233 0.10831213307240706
0 0.23385342465753425 0.8941707436399218 0.04607945205479452 0.05541585127201565
0 0.09820410958904109 0.7245645792563601 0.04560821917808219 0.04030332681017623
0 0.26418082191780823 0.5944227005870841 0.04372602739726028 0.04030332681017623
0 0.19764931506849315 0.8584858121330724 0.025391780821917787 0.04617906066536204
0 0.2336191780821918 0.8190239726027397 0.04466849315068491 0.04113992172211356
1 0.016775342465753424 0.8194422700587084 0.03355068493150685 0.013434442270058744
