0 0.3079095890410959 0.789635518590998 0.02397808219178088 0.1217465753424658
0 0.27471095890410957 0.678889432485323 0.010446575342465736 0.06530332681017614
0 0.4111164383561644 0.5746917808219177 0.021630136986301396 0.04954011741682973
0 0.09655753424657534 0.7417759295499021 0.05172328767123287 0.03610567514677099
0 0.40994109589041094 0.7123899217221135 0.007054794520547969 0.03274461839530318
1 0.37444109589041097 0.7321208414872797 0.11472876712328767 0.016795499021526328
0 0.20517260273972604 0.6519373776908024 0.042317808219178105 0.04114481409001958
0 0.24043561643835615 0.9319545009784735 0.12883287671232876 0.1343395303326811
0 0.42804383561643833 0.7661276908023483 0.01410410958904107 0.05961350293542078
0 0.01967945205479452 0.805589530332681 0.037145205479452055 0.04786203522504884
0 0.42498767123287673 0.9739359099804306 0.031504109589041096 0.041981409001957015
0 0.20287534246575342 0.7562622309197651 0.026775342465753416 0.04139921722113493
1 0.05353424657534246 0.7669667318982387 0.06441643835616437 0.020988258317025443
1 0.28228493150684936 0.8643639921722113 0.5501260273972604 0.06297455968688837
