0 0.36668356164383564 0.6964383561643835 0.030561643835616492 0.03106653620352251
0 0.18072191780821917 0.8152446183953033 0.05172328767123288 0.07556751467710365
0 0.2491356164383562 0.7128106653620352 0.07758082191780827 0.1091536203522504
0 0.29403835616438356 0.7879574363992172 0.02539178082191773 0.03778375733855188
1 0.34763972602739723 0.7615166340508807 0.27365205479452054 0.026849315068493196
0 0.31853287671232877 0.6050489236790607 0.009526027397260273 0.018630136986301338
1 0.10587671232876712 0.7711643835616439 0.21175342465753424 0.019315068493150678
0 0.17954657534246576 0.8337157534246575 0.026802739726027397 0.04702054794520549
0 0.28886575342465753 0.9025660469667319 0.09403835616438358 0.1914334637964774
0 0.13205753424657535 0.9458072407045011 0.06723835616438356 0.1032778864970646
