0 0.247407356574252 0.7169206271435571 0.0562640680757617 0.06623713865752068
0 0.028035959374142192 0.7922415482606565 0.053272028547900085 0.04594316511513963
0 0.2096980510568213 0.6586942675159235 0.028729069448256928 0.030979911807937355
0 0.277633818281636 0.6170284174424302 0.019752950864671992 0.022435080842724053
1 0.3380894866867966 0.7970480156785889 0.05566840516058197 0.02136697697207246
0 0.18273263793576722 0.6640372366487017 0.035973099094153194 0.03098481136697695
0 0.3063656327202855 0.683265556099951 0.04848202031292892 0.10363057324840774
1 0.25818144386494646 0.776749142577168 0.0478863573977491 0.034184223419892246
0 0.3021754048860829 0.6127535521803038 0.026936590721932552 0.026712395884370577
1 0.42667581663464177 0.8547403233708967 0.06524293164973927 0.05769230769230771
