1 0.25383698630136986 0.7350587084148729 0.44997534246575344 0.03106653620352251
0 0.3330643835616438 0.8740190802348337 0.01692876712328767 0.036942270058708315
0 0.24863013698630138 0.5834099804305284 0.02805479452054796 0.025753424657534163
0 0.35046164383561645 0.9634393346379648 0.029153424657534233 0.06297455968688848
0 0.32305068493150685 0.6205821917808219 0.010912328767123225 0.03109589041095895
0 0.3147260273972603 0.6620132093933464 0.019747945205479456 0.027705479452054815
0 0.48987397260273974 0.7778816046966732 0.03808767123287671 0.08480430528375738
0 0.08973972602739727 0.7153277886497065 0.05219178082191782 0.05205479452054784
0 0.026968493150684933 0.7644471624266145 0.043257534246575344 0.03274951076320942
1 0.5068013698630137 0.9319545009784735 0.07005753424657529 0.025190802348336594
