0 0.3387931506849315 0.6572431506849314 0.011361643835616442 0.016198630136986414
1 0.4132931506849315 0.6414481409001958 0.0764164383561644 0.011330724070450215
0 0.3185 0.6890288649706457 0.027460273972602756 0.03846868884540122
0 0.45666301369863016 0.7231800391389432 0.024684931506849306 0.12664383561643833
1 0.4022835616438356 0.6139163405088063 0.038572602739726014 0.00728473581213307
0 0.22022602739726027 0.662497553816047 0.054945205479452086 0.03888943248532284
0 0.35262602739726023 0.6363894324853229 0.012720547945205496 0.025508806262230843
0 0.44935616438356163 0.6313356164383561 0.012465753424657555 0.046135029354207435
0 0.1456931506849315 0.9810738747553815 0.024449315068493155 0.03358610567514686
1 0.3035684931506849 0.7126736790606654 0.12813424657534245 0.021257338551859073
1 0.3016027397260274 0.6335518590998044 0.08030136986301373 0.012544031311154558
1 0.2637041095890411 0.6637769080234834 0.13527671232876715 0.01324853228962819
1 0.4253 0.6226198630136986 0.050589041095890463 0.006883561643835634
1 0.14832191780821916 0.7238502935420743 0.1818767123287671 0.008502935420743651
1 0.39167123287671235 0.6608463796477495 0.11974794520547949 0.016604696673189867
0 0.2272876712328767 0.8495352250489236 0.12383561643835614 0.23546966731898245
0 0.3766958904109589 0.6833194716242661 0.019293150684931537 0.04082681017612522
0 0.2995068493150685 0.733089530332681 0.01608219178082193 0.024965753424657566
