0 0.26479687071095254 0.5814135227829496 0.022626955805654658 0.017633512983831423
2 0.2669132583035959 0.6628564429201371 0.11905846829536099 0.08816266536011741
0 0.36544057095800164 0.5474081332680059 0.011287400494098265 0.04701616854483093
0 0.3085451550919572 0.9294414502694758 0.019802360691737575 0.05877511024007842
0 0.21846280538018117 0.60156295933366 0.053203403788086745 0.05625673689367949
0 0.02397749107878122 0.8316119549240568 0.04795498215756244 0.0546006859382655
0 0.37936453472412845 0.6846864282214601 0.009879220422728485 0.02770700636942669
0 0.40523744166895415 0.7086183243508084 0.01175953884161407 0.03694267515923566
2 0.08298654954707659 0.7522782949534541 0.1124732363436728 0.10747672709456146
1 0.3311474059840791 0.7216315531602155 0.06867965962119132 0.056256736893679604
0 0.409917650288224 0.6137383635472807 0.03626681306615431 0.0554140127388536
0 0.3066620916826791 0.821545810877021 0.06496294262970082 0.2006712395884369
0 0.35984216305242933 0.8207079862812348 0.021638759264342555 0.11671239588437043
0 0.3619365907219325 0.6175183733463989 0.02215481745813891 0.07808427241548255
0 0.0150123524567664 0.7900612444879961 0.024507274224540212 0.0268642822146008
1 0.43649464726873455 0.6817491425771681 0.044265715069997214 0.048701616854483154
0 0.33041861103486136 0.9651224889759922 0.01839418062036785 0.05961293483586483
0 0.36711089761185833 0.9416144047035766 0.0362695580565468 0.10999020088192057
0 0.24692149327477353 0.6032435080842724 0.022626955805654658 0.02938755512003921
0 0.1290859181992863 0.6657961783439491 0.09930277244029646 0.06884860362567369
0 0.40523744166895415 0.9101298383145517 0.029634916277793022 0.17632043116119545
