0 0.33680821917808224 0.9212818003913894 0.0346027397260274 0.15450097847358124
0 0.3732671232876712 0.6028180039138944 0.013635616438356146 0.047015655577299476
0 0.2054068493150685 0.6607534246575343 0.031504109589041096 0.030225048923679054
1 0.3300082191780822 0.7069471624266145 0.07006027397260273 0.021819960861056753
1 0.22515479452054796 0.7094520547945206 0.057832876712328785 0.02182974559686901
0 0.3869013698630137 0.9823312133072407 0.014575342465753482 0.03358610567514675
0 0.34364383561643835 0.5868664383561644 0.011753424657534262 0.020151663405088116
0 0.4162876712328767 0.6200293542074364 0.012224657534246564 0.022671232876712244
0 0.18377808219178082 0.8521868884540118 0.1706794520547945 0.2871526418786693
0 0.41440684931506855 0.5919031311154599 0.011284931506849338 0.01679060665362031
1 0.42733835616438354 0.7266634050880626 0.1340027397260274 0.027710371819960722
0 0.4111178082191781 0.554119373776908 0.027271232876712348 0.0436594911937378
0 0.338472602739726 0.6406017612524462 0.018336986301369873 0.04030332681017601
0 0.4052397260273972 0.6007191780821918 0.015515068493150708 0.027710371819960944
0 0.3988904109589041 0.7396795499021527 0.015046575342465729 0.06885029354207439
0 0.2820479452054795 0.5990410958904109 0.01081369863013698 0.012592954990215177
