2 0.2709986301369863 0.8114652641878669 0.07147123287671228 0.15701076320939333
2 0.3831397260273972 0.6217098825831702 0.06347397260273974 0.09656066536203534
3 0.30391232876712326 0.76948385518591 0.035736986301369844 0.027705479452054815
0 0.1840123287671233 0.9353131115459883 0.015043835616438322 0.04030332681017612
0 0.2054068493150685 0.730442759295499 0.0879260273972603 0.12762720156555785
3 0.36873698630136986 0.5874339530332682 0.009523287671232894 0.011335616438356122
0 0.3231904109589041 0.6872015655577299 0.03949863013698629 0.057935420743639776
0 0.22374383561643835 0.834557240704501 0.04560821917808222 0.1074706457925636
0 0.2263301369863014 0.9793909001956946 0.017865753424657543 0.03778375733855188
0 0.1195972602739726 0.8177617416829746 0.07899178082191782 0.11754892367906078
0 0.40382739726027395 0.6951785714285714 0.009873972602739756 0.04702054794520538
0 0.480027397260274 0.9363992172211351 0.04268493150684938 0.12426614481409004
0 0.3579849315068493 0.805589530332681 0.026331506849315123 0.046179060665361926
3 0.34552465753424655 0.7648679060665362 0.03244109589041094 0.023512720156555922
