0 0.27188031841888555 0.5916609505144537 0.05130936041723855 0.04548750612444874
0 0.2005874279440022 0.6553013228809407 0.06919571781498762 0.07976482116609507
2 0.4091819928630249 0.8096031357177853 0.07227559703541037 0.37491425771680553
0 0.3087798517705188 0.6170970112689858 0.011806203678287164 0.02351298383145517
0 0.2511336810321164 0.6278074473297404 0.015059017293439447 0.02682508574228315
1 0.3214809223167719 0.5914894659480646 0.016511117211089776 0.01091621754042138
0 0.34264891572879497 0.6066021558059774 0.023096349162777863 0.06128858402743753
0 0.19282596760911336 0.9160044096031357 0.06402141092506178 0.1528123468887801
0 0.25374279440021963 0.8018152866242039 0.04944002195992317 0.0973983341499266
0 0.3005476255833105 0.6981210191082803 0.04614603348888274 0.11502694757471832
0 0.08348476530332144 0.7783047525722685 0.16510293713972002 0.1696031357177854
0 0.13431237990667033 0.8645026947574719 0.16727971452099916 0.2640372366487017
