0 0.49461295635465274 0.8114723174914258 0.020227834202580286 0.03106810387065173
1 0.23640818007136974 0.9814698677119059 0.17216854241010154 0.03706026457618816
0 0.44486412297556954 0.6597011268985791 0.011759538841614015 0.034982851543361115
0 0.5145855064507274 0.7157422831945125 0.04322536371122698 0.10497795198432147
0 0.44486961295635463 0.5550097991180793 0.007054625308811402 0.009314061734443824
0 0.10556546802086192 0.8244879960803527 0.0927175404886083 0.1276237138657521
0 0.559058468295361 0.9634443900048996 0.023991216030743834 0.07136697697207262
0 0.472772440296459 0.5815335619794217 0.014312379906670336 0.022675159235668763
0 0.427793027724403 0.7812444879960804 0.02780126269558053 0.07472807447329743
0 0.25915179796870713 0.7325453209211171 0.06307987922042271 0.06464968152866235
0 0.3817581663464178 0.89031357177854 0.046091133681032126 0.10663400293973557
0 0.3624059840790558 0.9731014208721216 0.01744990392533624 0.04870161685448304
0 0.1677175404886083 0.7145222929936306 0.10156738951413669 0.06926996570308663
0 0.4122934394729618 0.7170210681038707 0.023049684326104825 0.05540421362077419
0 0.428858083996706 0.6285080842724156 0.02155915454295909 0.019240568348848575
0 0.6117444413944552 0.9239808917197452 0.032459511391710105 0.03610485056344925
0 0.5239912160307438 0.8530328270455658 0.029118858083996835 0.13098481136697704
1 0.47232912434806484 0.5641205291523763 0.013837496568762042 0.011337579617834437
1 0.20438237716167995 0.8811611954924057 0.4087647543233599 0.14693777560019605
1 0.5762105407631073 0.9004630083292503 0.07342025802909691 0.015928466438020594
