0 0.2903835616438356 0.6105503913894326 0.04375342465753429 0.03906555772994136
0 0.25665753424657534 0.6422798434442271 0.04749041095890413 0.031908023483365966
0 0.39536438356164383 0.6368248532289629 0.020219178082191758 0.05289628180039141
0 0.19177123287671233 0.6951785714285714 0.0804027397260274 0.08060176125244622
0 0.23983561643835616 0.7936888454011741 0.1553972602739726 0.2889432485322896
0 0.29380410958904113 0.6385029354207437 0.006112328767123254 0.0142759295499022
0 0.4107068493150685 0.5557411937377692 0.008816438356164413 0.01224559686888449
0 0.35634109589041096 0.589853228962818 0.0163260273972603 0.01982387475538161
0 0.4278095890410959 0.6124730919765167 0.0061123287671233095 0.014271037181996182
0 0.4098917808219178 0.5779011741682974 0.008490410958904127 0.019246575342465766
0 0.32728082191780816 0.5761521526418787 0.0333068493150685 0.0320694716242661
0 0.3360972602739726 0.5525366927592955 0.039180821917808195 0.017490215264187814
3 0.4709506849315068 0.6574902152641879 0.02089863013698634 0.025655577299412924
0 0.27144520547945206 0.5942270058708414 0.0163260273972603 0.018072407045009675
0 0.33821917808219176 0.6085127201565558 0.004898630136986326 0.011663405088062628
0 0.3766493150684932 0.5601908023483366 0.007747945205479445 0.009109589041095822
