0 0.7712835616438356 0.8870327788649707 0.1645671232876713 0.1620499021526418
0 0.4089794520547945 0.5198752446183953 0.0034109589041095845 0.007265166340508777
0 0.3127712328767123 0.5682534246575343 0.03195342465753426 0.022945205479452113
0 0.4284698630136986 0.6402886497064579 0.009794520547945218 0.020988258317025554
0 0.9248027397260274 0.9168395303326811 0.14528767123287667 0.09739726027397266
0 0.06698767123287672 0.8134393346379647 0.12733972602739727 0.1469373776908024
0 0.4118178082191781 0.5700269080234833 0.018939726027397297 0.05189334637964782
0 0.1819917808219178 0.6724510763209393 0.03448219178082193 0.021692759295499076
0 0.25833698630136986 0.6216316046966732 0.025501369863013684 0.022157534246575294
0 0.5080712328767123 0.9068248532289628 0.045610958904109544 0.18635029354207444
