0 0.5043123799066703 0.778265556099951 0.07487235794674718 0.08676139147476725
0 0.12776557782047762 0.7885595296423322 0.22423826516607193 0.2317981381675649
1 0.3137180894866868 0.7443018128368447 0.30110623112819096 0.03946104850563459
1 0.32056546802086194 0.6191474767270946 0.10798243206148778 0.03522782949534542
0 0.3802635190776832 0.8618079372856443 0.05341751303870429 0.27217050465458104
0 0.40983255558605547 0.569140127388535 0.022459511391710152 0.05101910828025491
0 0.20249245127642057 0.7833439490445859 0.2488443590447434 0.3224154826065654
0 0.41963903376338185 0.7649706026457619 0.055270381553664594 0.07556589906908373
0 0.39338594564919027 0.6523517883390495 0.03629700796047214 0.10082312591866727
0 0.44828575349986277 0.69749877511024 0.04491078781224267 0.1141842234198922
0 0.3774553939061214 0.5746962273395395 0.02875102937139723 0.06128858402743742
0 0.4183379083173209 0.6319034786869182 0.014518254186110358 0.04292503674669268
0 0.36120505078232223 0.692251347378736 0.030101564644523793 0.06802057814796669
