1 0.44734284930002743 0.764453699167075 0.061141916003293995 0.07472807447329743
2 0.3492574800988197 0.665796178343949 0.06914905297831453 0.09571778539931397
0 0.22755695855064506 0.5537506124448799 0.015432335986824058 0.009304262616364523
1 0.28437002470491357 0.5715727584517394 0.03654680208619271 0.007692307692307665
2 0.2419695306066429 0.5790029397354237 0.04801811693659075 0.03090151886330228
0 0.3049972550096075 0.8081038706516415 0.03244853143013998 0.10665360117589417
1 0.24619269832555585 0.7048383145516903 0.09737578918473785 0.041141597256247
1 0.23445649190227835 0.6545541401273887 0.05696678561625035 0.014458598726114658
0 0.15519214932747735 0.6670553650171485 0.09977216579741971 0.10159725624693783
1 0.3774595113917102 0.7098775110240079 0.15198737304419435 0.05121999020088197
0 0.37063958276146036 0.8219671729544341 0.0395608015371946 0.07556589906908373
1 0.34263381828163597 0.5923566878980892 0.019305517430689034 0.014581087702106865
1 0.15378671424650014 0.7846153846153846 0.30109525116662095 0.10161685448309643
0 0.1832006587976942 0.9258696717295444 0.07466373867691461 0.14826065654091125
0 0.4068597309909415 0.9239808917197452 0.03015097447158932 0.15029397354238128
