0 0.4078891023881416 0.6012175404213621 0.022860279989020016 0.0239049485546301
2 0.10486000548998078 0.7556369426751592 0.1477545978589075 0.13601665850073497
0 0.18976804831183092 0.6897256246937775 0.024976667581663448 0.036099951004409436
0 0.053114191600329395 0.9529495345418912 0.09695031567389513 0.07557079862812344
1 0.34594153170463904 0.6204556589906909 0.120941531704639 0.016795688388045016
2 0.43673071644249245 0.729608035276825 0.07380730167444416 0.0856442920137187
0 0.43108564370024705 0.6460656540911318 0.05978863573977489 0.05793238608525231
0 0.10321301125446061 0.8773811856932876 0.07484216305242934 0.0973983341499266
1 0.037379906670326646 0.8492552670259677 0.06444413944551193 0.02266536011758946
1 0.2368075761734834 0.7724301812836845 0.13317046390337633 0.0856442920137187
0 0.30243892396376615 0.5947721705046545 0.01088937688718089 0.011337579617834437
0 0.22891435629975293 0.650406663400294 0.05331045841339552 0.040489955903968644
