0 0.4210828987098545 0.5539882410583047 0.0104556684051606 0.020989710926016647
0 0.4019722755970354 0.5831430671239588 0.015352731265440567 0.03965213130818224
0 0.3737153444962943 0.6405756981871631 0.05945374691188576 0.04839294463498278
0 0.05864260225089213 0.8294953454189122 0.11727422454021412 0.09504164625183742
0 0.0999629426297008 0.8210387065164135 0.1999258852594016 0.22506614404703584
0 0.42565605270381557 0.6294977951984322 0.05880043919846284 0.0075796178343948695
0 0.3410019214932748 0.9705830475257227 0.026390337633818206 0.05373836354728079
0 0.2561130936041724 0.6671068103870652 0.11172110897611856 0.09562469377756
0 0.2734284930002745 0.750485056344929 0.1156409552566566 0.17725624693777575
0 0.404037880867417 0.7745271925526702 0.01886357397749111 0.08816266536011763
0 0.3871012901454845 0.8891278784909358 0.03673895141367012 0.12093091621754049
0 0.43931786988745536 0.722890739833415 0.01500686247598132 0.030230279274865324
