0 0.4929301369863014 0.8484099804305283 0.011284931506849338 0.039461839530332665
0 0.44755616438356166 0.6733463796477495 0.03996712328767116 0.06213307240704502
0 0.4983369863013698 0.9365728962818004 0.007994520547945194 0.03778375733855177
0 0.4186260273972603 0.5941658512720156 0.01244109589041098 0.03498532289628187
0 0.4175 0.5615166340508806 0.01404109589041097 0.03148727984344435
0 0.4227068493150685 0.6250709393346381 0.009501369863013698 0.019828767123287627
0 0.4414986301369863 0.6142832681017611 0.01501917808219183 0.02740215264187873
1 0.4605835616438356 0.6131188845401174 0.024520547945205473 0.0064138943248531755
0 0.4412095890410959 0.7728449119373777 0.02821095890410963 0.14861545988258318
1 0.41584931506849315 0.6384809197651664 0.14664109589041097 0.0116585127201565
0 0.4788246575342466 0.8005503913894325 0.010345205479452058 0.04282289628180036
