0 0.2173972602739726 0.7820792563600782 0.051720547945205475 0.09319960861056753
0 0.06575890410958904 0.7421966731898239 0.11143561643835617 0.09908023483365946
0 0.544886301369863 0.958820939334638 0.036205479452054656 0.07556751467710376
0 0.29646438356164384 0.5867123287671232 0.011356164383561629 0.02732876712328769
0 0.11489589041095888 0.8861937377690803 0.15140273972602736 0.18891389432485328
0 0.23902602739726028 0.7094520547945206 0.014106849315068504 0.025185909980430354
0 0.33270684931506844 0.555584637964775 0.003950684931506798 0.023429549902152624
0 0.3206232876712328 0.5963307240704501 0.009635616438356143 0.0242954990215265
0 0.2094027397260274 0.7296012720156555 0.039495890410958884 0.036942270058708426
0 0.1692027397260274 0.7971917808219178 0.056893150684931504 0.07136986301369863
0 0.2915506849315068 0.609995107632094 0.005309589041095852 0.016536203522504844
0 0.15791780821917809 0.6641120352250489 0.06911780821917808 0.06381115459882591
0 0.3040219178082192 0.6174192759295499 0.005309589041095852 0.021932485322896378
0 0.278286301369863 0.6754452054794521 0.058775342465753416 0.08816046966731905
0 0.3115808219178082 0.590594422700587 0.003797260273972647 0.010797455968688863
0 0.2834356164383562 0.6184295499021526 0.014361643835616444 0.032054794520547936
2 0.23469315068493152 0.6084589041095889 0.048695890410958925 0.04245596868884538
1 0.5872041095890411 0.9638600782778864 0.05783287671232884 0.030225048923679054
0 0.30488219178082193 0.583167808219178 0.0028328767123287912 0.010797455968688863
0 0.264813698630137 0.5806409001956947 0.013435616438356224 0.01045988258317021
