0 0.40496575342465757 0.5439065557729941 0.0068027397260273514 0.01603228962818004
0 0.23323287671232876 0.8089530332681018 0.05457534246575341 0.11467710371819972
0 0.39476301369863015 0.5679598825831702 0.010884931506849327 0.04567514677103712
1 0.10525616438356164 0.9483268101761253 0.2101780821917808 0.02602739726027392
0 0.10313972602739727 0.974774951076321 0.019747945205479442 0.03862035225048932
0 0.3471712328767123 0.6299094911937377 0.02693972602739725 0.035954011741683
0 0.14005068493150685 0.9088625244618396 0.04372876712328767 0.056257338551859104
0 0.352572602739726 0.606103228962818 0.015808219178082172 0.017979452054794454
1 0.385013698630137 0.9101272015655577 0.39073972602739726 0.041976516634050776
0 0.24067260273972602 0.9600807240704501 0.02586027397260271 0.07304794520547953
0 0.4210205479452055 0.6299119373776908 0.03455616438356157 0.07822896281800396
0 0.32930273972602736 0.6809026418786692 0.010342465753424679 0.036942270058708426
0 0.4386438356164384 0.8886986301369864 0.025671232876712358 0.2226027397260274
