0 0.44502744990392534 0.5985374816266535 0.012739500411748539 0.035565899069083806
0 0.3965056272303047 0.6617613914747673 0.005171561899533383 0.027697207251347278
0 0.2266620916826791 0.6813473787359137 0.12701070546253088 0.13602155805977467
0 0.43979000823497116 0.7016046055854974 0.006261323085369197 0.02186673199412048
0 0.524696678561625 0.7591621754042136 0.04351358770244307 0.07136697697207262
0 0.4195086467197365 0.6078270455658992 0.016332692835575036 0.08017148456638912
0 0.4195086467197365 0.6807104360607545 0.03212187757342844 0.11029887310142095
0 0.41774087290694484 0.7693875551200393 0.03620642327751844 0.1253601175894169
0 0.39134230030194894 0.936577658010779 0.01605270381553664 0.12174914257716807
0 0.5866332692835576 0.8606197942185203 0.08506450727422454 0.132939735423812
0 0.5050947021685424 0.7738657520823126 0.04900356848751025 0.10353748162665366
0 0.46883612407356573 0.6696031357177854 0.044688443590447435 0.10075453209211171
0 0.45653307713423 0.9010656540911318 0.04464452374416694 0.13993630573248406
2 0.2608317320889377 0.7496325330720235 0.1825418611034861 0.3076923076923077
0 0.5799684326104859 0.913515433610975 0.10231402690090585 0.17296913277804993
0 0.38539390612132857 0.549265066144047 0.007872632445786398 0.012827045565899087
0 0.42672385396651114 0.894750122488976 0.060161954433159526 0.20213130818226355
0 0.08130524293164974 0.8284492895639393 0.16257205599780403 0.16624693777560018
