0 0.4012301369863014 0.6024877690802348 0.003934246575342526 0.014339530332681094
0 0.45460821917808214 0.8332974559686889 0.009873972602739756 0.05793542074364
1 0.3964534246575343 0.6095914872798434 0.0908904109589041 0.0060714285714286165
0 0.40847397260273977 0.5788674168297456 0.006454794520547924 0.03795988258317018
0 0.31304794520547946 0.5642465753424658 0.01779452054794517 0.019403131115459882
0 0.4368958904109589 0.6067049902152641 0.007873972602739698 0.02109099804305281
0 0.3260397260273973 0.554263698630137 0.0053561643835616235 0.00562133072407045
0 0.47200547945205484 0.9705772994129158 0.013632876712328768 0.053737769080234865
0 0.4611917808219178 0.903825831702544 0.017397260273972648 0.10159491193737769
0 0.4172917808219178 0.5963013698630137 0.004567123287671282 0.008718199608610533
