1 0.27208893768871806 0.7401028907398335 0.06825693110074113 0.019314061734443944
2 0.3259538841614054 0.7270823125918667 0.05179796870710951 0.11756491915727585
0 0.17353829261597584 0.748079372856443 0.110123524567664 0.11082802547770709
0 0.24951001921493277 0.9428735913767761 0.03156464452374419 0.10243508084272424
0 0.2834435904474334 0.6076114649681528 0.011811693659072142 0.03779029887310148
0 0.06719461981883063 0.9422023517883391 0.06886631896788362 0.10579617834394905
0 0.3332171287400494 0.6506834884860363 0.024930002744990354 0.03862322390984807
0 0.04535410376063683 0.8039171974522293 0.0823689267087565 0.05961293483586472
1 0.2939623936316223 0.6825894169524742 0.061106231128191024 0.015115139637432606
0 0.3058015371946198 0.6195051445369917 0.010192149327477307 0.022390984811367032
3 0.17024567664013177 0.8899755022048015 0.06026077408729069 0.10915237628613428
0 0.24621603074389242 0.6712542871141598 0.034386494647268756 0.03946104850563448
0 0.28243755146856986 0.6469034786869182 0.012747735382926173 0.037785399314061774
0 0.13214383749656874 0.7195320921117099 0.10541861103486137 0.09067613914747674
