0 0.4012424657534247 0.7871183953033268 0.017865753424657516 0.06968688845401161
0 0.17272876712328766 0.9180993150684931 0.07711232876712329 0.13349804305283752
0 0.28933698630136984 0.7375782778864971 0.09121643835616439 0.07640900195694722
0 0.4231068493150685 0.6288478473581214 0.04936986301369867 0.06885029354207439
1 0.4256931506849315 0.8589041095890411 0.19747945205479445 0.026868884540117377
0 0.4071191780821918 0.704412915851272 0.018336986301369873 0.048698630136986276
0 0.31046575342465754 0.5699510763209393 0.014964383561643813 0.007289628180039198
0 0.3556342465753425 0.6599119373776908 0.02633150684931501 0.030225048923679054
0 0.44026849315068495 0.8920694716242661 0.033852054794520525 0.20403131115459894
0 0.3589246575342466 0.7178473581213307 0.017865753424657516 0.031908023483365966
0 0.38651780821917814 0.5901174168297456 0.007621917808219136 0.014579256360078285
