0 0.24560821917808218 0.8089481409001957 0.017868493150684922 0.017632093933463766
0 0.2829890410958904 0.7233072407045009 0.012695890410958866 0.022671232876712244
0 0.41580136986301375 0.6123018590998043 0.020572602739725998 0.03323385518590993
0 0.2602506849315068 0.7336912915851272 0.01338356164383564 0.028683953033268206
1 0.34481917808219176 0.7875244618395303 0.14105753424657536 0.021819960861056642
2 0.4757684931506849 0.8198630136986301 0.13682465753424666 0.3450880626223092
0 0.1858904109589041 0.6546086105675146 0.0870246575342466 0.0685714285714285
0 0.07062054794520548 0.7427715264187867 0.14124109589041095 0.1063551859099805
0 0.2858095890410959 0.6905601761252447 0.019279452054794588 0.02434931506849336
1 0.34387808219178084 0.9088625244618396 0.1354164383561644 0.01931017612524466
