0 0.41816849315068494 0.7879574363992172 0.04795890410958903 0.26615949119373783
0 0.46354246575342467 0.8601663405088062 0.03714520547945199 0.2745596868884541
0 0.384786301369863 0.8631042074363993 0.03009315068493157 0.053732876712328737
1 0.34387808219178084 0.710291095890411 0.2764739726027397 0.023507827788649682
0 0.22421917808219177 0.683011252446184 0.0775890410958904 0.07639432485322906
1 0.349286301369863 0.6250684931506849 0.042786301369863056 0.015949119373776965
0 0.06693424657534247 0.729182974559687 0.12413150684931507 0.07136986301369863
0 0.15274520547945206 0.6620107632093933 0.08134246575342467 0.057935420743639776
0 0.03981506849315068 0.7900562622309197 0.07963013698630136 0.05205968688845397
1 0.34552465753424655 0.6527764187866929 0.22804109589041094 0.024349315068493138
0 0.35375342465753423 0.7715851272015656 0.03479452054794524 0.20318982387475537
0 0.056120547945205476 0.9781335616438356 0.024449315068493148 0.040298434442270104
0 0.2491356164383562 0.8895523483365949 0.040906849315068494 0.04786203522504895
0 0.3739712328767123 0.6296868884540118 0.021630136986301396 0.04534246575342471
0 0.42286712328767123 0.6741952054794521 0.02632054794520544 0.09573874755381606
0 0.5020986301369863 0.7967734833659491 0.044668493150684885 0.17128669275929553
