1 0.4064493150684932 0.6223483365949121 0.04308493150684933 0.023434442270058642
0 0.4115493150684931 0.8958561643835616 0.035367123287671276 0.20828767123287673
0 0.18398630136986302 0.827805772994129 0.07676712328767121 0.11894814090019568
0 0.380258904109589 0.7142123287671233 0.028298630136986302 0.14528375733855192
0 0.3775808219178082 0.5728473581213307 0.016619178082191766 0.03651663405088068
0 0.5665150684931507 0.8584858121330724 0.10579178082191776 0.19227495107632087
0 0.30657260273972603 0.6431360078277886 0.0462739726027398 0.07416829745596865
0 0.22021780821917808 0.6880406066536203 0.14011780821917807 0.1654060665362036
1 0.3475191780821918 0.7561350293542075 0.05215068493150682 0.021692759295499076
1 0.2266150684931507 0.6542661448140901 0.029668493150684927 0.004383561643835576
0 0.2994452054794521 0.7128106653620352 0.018336986301369873 0.03862524461839534
0 0.4707328767123288 0.6789872798434442 0.029115068493150653 0.03692759295499026
0 0.37132328767123285 0.6259589041095891 0.022482191780821892 0.028336594911937407
0 0.40841780821917806 0.5828057729941292 0.012249315068493138 0.04315557729941277
0 0.4363150684931507 0.7338845401174168 0.010876712328767135 0.07772994129158517
0 0.08738767123287672 0.8097871819960861 0.16973972602739726 0.16876223091976517
1 0.18457260273972603 0.6959368884540118 0.05215342465753425 0.0310420743639922
1 0.4348123287671233 0.6539603718199609 0.03949315068493153 0.011472602739726057
0 0.3952958904109589 0.6094618395303326 0.01290410958904109 0.03124266144814103
0 0.28678630136986305 0.8607387475538161 0.10700821917808218 0.27847358121330723
1 0.4112616438356165 0.6469520547945206 0.033679452054794445 0.015234833659491187
0 0.016775342465753424 0.9000464774951076 0.03355068493150685 0.036942270058708426
0 0.41250273972602736 0.7460396281800392 0.011701369863013678 0.022353228962817995
0 0.4164 0.6365068493150685 0.00809315068493155 0.014256360078277797
1 0.3210479452054794 0.6372602739726028 0.10980547945205482 0.01383561643835618
0 0.4442657534246576 0.9495865949119374 0.0192767123287671 0.09068003913894329
0 0.4291013698630137 0.80823385518591 0.023128767123287652 0.10981409001956943
