1 0.5002191780821917 0.7908953033268102 0.05971506849315067 0.01679060665362031
1 0.30179589041095894 0.828679060665362 0.5195643835616439 0.10075342465753434
0 0.3718561643835616 0.7950954011741682 0.023038356164383544 0.05541585127201565
0 0.4244561643835616 0.630511252446184 0.01776164383561646 0.11338062622309208
0 0.12006712328767125 0.776621819960861 0.05172328767123287 0.05709882583170256
1 0.14757260273972603 0.7212059686888455 0.10203287671232879 0.01007338551859116
1 0.2387904109589041 0.7531115459882584 0.3183205479452055 0.031908023483365966
0 0.0446 0.7736839530332681 0.08886575342465754 0.06633072407045026
0 0.17813561643835618 0.7052519569471625 0.05125205479452058 0.028546966731898382
0 0.14169589041095892 0.7308635029354207 0.008465753424657524 0.015954011741683094
