0 0.30562723030469396 0.6641842234198923 0.06280538018116938 0.08045075943165114
1 0.316306615426846 0.7207912787849093 0.09365632720285477 0.02434590886820187
0 0.359099643151249 0.7666340029397354 0.02937139720010984 0.09534541891229786
1 0.3225157836947571 0.5906026457618814 0.026996980510568147 0.010935815776580093
1 0.29347927532253637 0.607405683488486 0.09142190502333244 0.0072856442920138376
3 0.43430277244029647 0.5901224889759922 0.005015097447158945 0.006183243508084191
1 0.2262407356574252 0.7123958843704066 0.13548998078506724 0.031063204311612025
0 0.4910787812242657 0.7982606565409114 0.15657425199011799 0.20494855463008343
1 0.6119571781498765 0.8849412052915238 0.039560801537194656 0.025188633023027873
3 0.4296019763930826 0.5743214110730034 0.009190227834202591 0.008201861832435098
0 0.42744853143014 0.5455193532582068 0.014221795223716693 0.025580597746202915
