0 0.3791051331320341 0.6204556589906909 0.024507274224540188 0.04366487016168552
1 0.23461295635465276 0.7259260166585007 0.09407905572330494 0.05807447329740334
0 0.168122426571507 0.7283463988241058 0.0899094153170464 0.06128858402743753
1 0.09466785616250345 0.8249338559529643 0.18581114466099372 0.1259480646741793
1 0.3255572330496843 0.6863963743263106 0.10348888278891022 0.09655560999510049
0 0.41346966785616246 0.7619353258206761 0.01034861377985169 0.07976482116609507
0 0.3335341751303871 0.6232018618324351 0.05814713148503975 0.04664870161685453
0 0.2500699972550096 0.6663498285154336 0.11400768597309907 0.050142087212150965
0 0.3890076859730991 0.8228074473297403 0.01881690914081796 0.06213620774130324
0 0.43512215207246774 0.7332753552180304 0.034888827889102414 0.16512983831455175
0 0.22853692012077959 0.7476163645271925 0.08976667581663467 0.0426800587947086
0 0.23257342849300028 0.7976188143067123 0.08801262695580567 0.12258696717295448
0 0.18435767224814714 0.9596668299853014 0.034858632994784505 0.06884860362567369
