0 0.2851166620916826 0.7751469867711906 0.10055997804007683 0.11645761881430672
0 0.10162777930277245 0.8755732484076433 0.1143837496568762 0.08654091131798136
0 0.1091394455119407 0.7799559039686429 0.20231402690090583 0.1923076923076923
0 0.21176365632720287 0.6298481136697698 0.05811968158111447 0.04807447329740311
1 0.037611858358495745 0.8248260656540911 0.04369475706835027 0.012817246447819675
0 0.09983255558605546 0.7537800097991181 0.19578918473785342 0.16132778049975494
2 0.37395004117485586 0.8932141107300342 0.08026351907768325 0.12175404213620766
1 0.07469393357123251 0.9273958843704067 0.14910238814164153 0.040583047525722615
1 0.37606780126269557 0.9487579617834394 0.4382075212736755 0.05128368446839782
0 0.18395964864122977 0.6656393924546791 0.03710952511666207 0.03632533072023525
