0 0.4178520547945206 0.6299804305283757 0.01806575342465755 0.02378669275929557
0 0.460486301369863 0.7484931506849315 0.025389041095890352 0.07472602739726031
0 0.4248575342465753 0.5942465753424657 0.008706849315068488 0.017005870841487303
0 0.39383835616438356 0.540797455968689 0.019046575342465788 0.03546966731898238
0 0.33259452054794525 0.6427005870841488 0.033852054794520525 0.06633072407045004
0 0.49175479452054793 0.9256751467710371 0.03620547945205477 0.14864970645792563
2 0.4315232876712328 0.5497871819960861 0.01932054794520549 0.035954011741683
0 0.30323835616438355 0.5822113502935421 0.058071232876712287 0.03361056751467717
0 0.41902739726027394 0.677208904109589 0.021983561643835636 0.06227495107632097
0 0.43391369863013696 0.6205332681017612 0.01571780821917812 0.038483365949119386
0 0.43519726027397254 0.5769960861056751 0.009797260273972597 0.01554794520547953
