0 0.33110485863299477 0.6102694757471827 0.005525665660170154 0.027986281234688826
0 0.3682871259950591 0.9768789808917198 0.029212187757342856 0.03609995100440966
0 0.37228520450178426 0.7300293973542382 0.03250343123799071 0.10663400293973535
1 0.1450988196541312 0.7040249877511024 0.1211666209168268 0.025188633023027873
0 0.17683090859181994 0.8962763351298383 0.1025940159209443 0.20235178833904954
0 0.34874004940982706 0.8060166585007349 0.02399121603074389 0.06381185693287594
0 0.0676969530606643 0.7778882900538953 0.13175953884161407 0.08816266536011763
0 0.42847515783694756 0.9122268495835375 0.047040900356848714 0.10999020088192057
0 0.34716305242931644 0.6152229299363057 0.025201756793851227 0.021460068593826542
0 0.1340241559154543 0.8072758451739344 0.05743617897337361 0.06129348358647724
0 0.2584628053801812 0.592951984321411 0.007510293713971994 0.006883880450759383
0 0.3882788910238814 0.675031847133758 0.01839143562997525 0.05205291523762867
2 0.051007411474059836 0.8866193042626164 0.10201482294811967 0.13098481136697693
0 0.32287263244578646 0.6630965213130818 0.022775185286851518 0.06786869181773647
0 0.34489431786988745 0.6378980891719745 0.004787263244578621 0.007692307692307776
0 0.1739116113093604 0.7460068593826557 0.04080702717540488 0.05037726604605586
0 0.22349711776008785 0.6645026947574718 0.031786988745539396 0.05805977462028422
0 0.13745539390612133 0.6760387065164135 0.036887180894866894 0.03218520333170016
