0 0.3213450452923415 0.6458819206271436 0.04551194070820752 0.07206761391474759
0 0.47321026626406804 0.6578196962273395 0.053628877298929456 0.11167074963253298
0 0.22344496294262972 0.7532851543361098 0.13886357397749108 0.17027437530622236
0 0.143287125995059 0.7809921607055365 0.16031567389514134 0.16121019108280255
1 0.37838045566840517 0.6067001469867712 0.06707109525116656 0.01469377756001966
0 0.313307713423003 0.5948040176384126 0.01767773812791651 0.028686918177364018
0 0.2069365907219325 0.9500097991180794 0.049909415317046374 0.09319941205291526
0 0.07587153444962942 0.886795688388045 0.15174306889925884 0.0987261146496815
0 0.5392794400219599 0.7959382655560999 0.07766401317595384 0.16456638902498777
0 0.45907493823771617 0.9273419892209702 0.03015097447158932 0.1418961293483586
0 0.1563697502058743 0.8765433610975013 0.04944002195992314 0.06381675649191576
0 0.48661817183639855 0.7375796178343949 0.04092780675267632 0.08309652131308187
0 0.30036508372220694 0.6371362077413033 0.028641229755695885 0.04617834394904463
