0 0.35879178082191776 0.6356066536203522 0.012471232876712313 0.017886497064579232
0 0.3899575342465753 0.759410469667319 0.023509589041095846 0.2510518590998042
0 0.3768287671232877 0.6089481409001958 0.007389041095890392 0.01045988258317021
0 0.37314520547945207 0.6241340508806261 0.004931506849315093 0.011135029354207515
0 0.3738150684931507 0.6374633072407045 0.008501369863013697 0.011472602739726057
0 0.3125287671232877 0.6112279843444227 0.011008219178082146 0.02238747553816056
1 0.3692821917808219 0.6551785714285714 0.1555178082191781 0.01720645792563602
0 0.25477671232876714 0.6783855185909979 0.04090684931506852 0.06213307240704491
0 0.09138630136986302 0.7157485322896282 0.16832876712328768 0.14525440313111548
3 0.3647452054794521 0.6195768101761252 0.006613698630136999 0.009447162426614475
0 0.3217369863013699 0.5772945205479452 0.027073972602739693 0.04268101761252452
