0 0.29469256107603625 0.7044194022537972 0.058800439198462784 0.10411562959333653
0 0.22810595662915178 0.8295247427731505 0.023568487510293723 0.08060754532092107
0 0.14460883886906395 0.710296423321901 0.08989294537469117 0.10243508084272412
0 0.3882432061487785 0.5823689367956884 0.008657699698051136 0.02483586477217059
0 0.5296582486961295 0.8513547280744733 0.08561350535273121 0.21662420382165615
0 0.36693659072193247 0.84750122488976 0.04746088388690639 0.17535521803037735
0 0.41195992314026897 0.5955830475257227 0.013423003019489455 0.0374571288584028
1 0.2570587427944002 0.7623640372366487 0.48969256107603626 0.060475257226849655
1 0.3661693659072194 0.9504311611954924 0.35793302223442225 0.09571778539931408
1 0.2709127093055174 0.7039980401763841 0.39800988196541315 0.042822146006859296
