0 0.23821987373044196 0.8987922586967172 0.07578094976667585 0.19898579127878502
0 0.4779151797968707 0.8685815776580108 0.06773812791655226 0.2628368446839785
0 0.42120642327751856 0.7107177853993141 0.01933296733461437 0.07304752572268491
0 0.4287565193521823 0.814828515433611 0.023991216030743945 0.16372856442920147
0 0.5842259127093056 0.9743606075453211 0.013173208893768829 0.03946104850563448
0 0.5766991490529784 0.9109676629103381 0.05174581388965138 0.08732484076433122
0 0.35814987647543234 0.5977853993140617 0.016464452374416738 0.07892209701126895
0 0.29675130387043647 0.6149779519843214 0.019272577545978553 0.02332190102890741
0 0.5270710952511667 0.8773836354728075 0.08514411199560806 0.17463988241058315
0 0.24970765852319515 0.6490837824595787 0.031026626406807617 0.027417932386085253
0 0.41767773812791653 0.9558868201861832 0.024413944551194 0.08648211660950522
0 0.0952154817458139 0.9193655071043607 0.08613230853692014 0.10579617834394905
0 0.18012489706286028 0.7476604605585497 0.1599862750480373 0.1687653111219991
0 0.3325349986275048 0.831202841744243 0.07907493823771611 0.33081332680058784
0 0.6291490529783146 0.968062224399804 0.03433982981059569 0.0570945614894659
0 0.3226571506999726 0.7157545320921117 0.10353554762558331 0.16876531112199888
