0 0.4101178082191781 0.5773923679060666 0.00906849315068492 0.02227005870841492
0 0.4129520547945206 0.5500611545988259 0.004309589041095907 0.016198630136986303
0 0.30887397260273974 0.5711179060665362 0.030158904109589046 0.02996575342465757
2 0.059798630136986296 0.8139848336594913 0.11959726027397259 0.1452592954990216
0 0.35751369863013704 0.7489138943248532 0.014106849315068504 0.015117416829745656
1 0.4364219178082192 0.6197651663405088 0.0408493150684931 0.011663405088062628
0 0.38755616438356166 0.5792147749510763 0.009747945205479447 0.022676125244618373
0 0.4323561643835616 0.7174315068493151 0.04244931506849309 0.10670254403131119
0 0.3846082191780822 0.5409515655577299 0.00657534246575342 0.010934442270058797
0 0.5051547945205479 0.7686448140900195 0.02068767123287668 0.06633072407045015
0 0.428513698630137 0.8064285714285714 0.016928767123287614 0.0814481409001957
2 0.20775890410958903 0.6599143835616439 0.1706794520547945 0.16624755381604694
0 0.47271095890410963 0.9516854207436399 0.02068767123287668 0.08983855185909984
0 0.19600273972602741 0.884933953033268 0.046547945205479446 0.07724559686888455
0 0.35513150684931505 0.5539090019569473 0.012926027397260231 0.01984344422700579
0 0.41096986301369864 0.6232656555772993 0.012082191780821872 0.041981409001956904
