3 0.3551246575342466 0.6206873776908024 0.018600000000000005 0.007226027397260304
2 0.4017465753424657 0.5789774951076321 0.05970684931506848 0.026751467710371846
3 0.5388958904109589 0.8502641878669276 0.03918356164383563 0.06122309197651665
0 0.14181643835616436 0.7269936399217221 0.06530410958904108 0.05189334637964771
3 0.41840410958904106 0.756470156555773 0.02680273972602737 0.020151663405088005
2 0.25794383561643836 0.8782485322896282 0.23447397260273972 0.24350293542074364
3 0.3335753424657535 0.5767954990215265 0.022142465753424656 0.008297455968688916
3 0.40445342465753426 0.5686130136986302 0.009186301369862981 0.0063258317025440824
3 0.3552945205479452 0.5951076320939335 0.023947945205479493 0.009569471624266246
0 0.14090136986301371 0.7545719178082192 0.009468493150684959 0.0116585127201565
3 0.42498630136986304 0.9269153620352251 0.07193972602739723 0.14106164383561648
3 0.3552945205479452 0.6130748532289628 0.024605479452054768 0.006443248532289614
2 0.4219671232876713 0.6652201565557729 0.08806575342465756 0.10087084148727987
3 0.3702095890410959 0.5727274951076321 0.036178082191780814 0.012206457925636016
