0 0.09945511940708207 0.9297084762371386 0.0948915728794949 0.13400783929446358
1 0.32515097447158936 0.6508010779029887 0.06408729069448255 0.02500244977951982
1 0.35858632994784523 0.7108868201861833 0.12086741696404063 0.024781969622733935
0 0.01992863024979413 0.8786403723664871 0.0390447433433983 0.07304752572268491
0 0.053562997529508646 0.806014208721215 0.07150150974471589 0.06716805487506117
0 0.16836398572604994 0.7791474767270945 0.08472138347515781 0.08564429201371893
2 0.17315673895141365 0.7056810387065164 0.061482294811968125 0.0550661440470358
0 0.24933433982981063 0.6398530132288094 0.03688443590447435 0.026653601175894215
1 0.27478451825418615 0.7328098971092601 0.03879220422728519 0.01943655071043615
2 0.4455339006313478 0.7027217050465459 0.04464452374416694 0.06851053405193541
3 0.22034449629426298 0.6655438510534052 0.0352813615152347 0.025188633023027762
0 0.12696815811144663 0.7657006369426751 0.06684326104858632 0.04536501714845664
