0 0.3001506849315068 0.681323385518591 0.0554849315068493 0.10327299412915858
1 0.3551630136986301 0.7539530332681017 0.19466027397260266 0.0218297455968689
0 0.06928630136986301 0.8916511741682975 0.031032876712328766 0.05205968688845408
0 0.18236712328767124 0.7804011741682975 0.06723835616438359 0.039461839530332776
0 0.22985753424657535 0.7165875733855186 0.02774246575342465 0.06465264187866926
0 0.42522328767123285 0.6964383561643837 0.023509589041095846 0.16037181996086114
0 0.35228767123287674 0.5798165362035225 0.007347945205479434 0.007773972602739709
0 0.27994794520547944 0.6248727984344422 0.04231780821917808 0.036379647749510746
0 0.1529808219178082 0.8374951076320939 0.03479452054794521 0.04281800391389434
0 0.2582 0.6637059686888453 0.031742465753424653 0.03847847358121326
