0 0.4254575342465754 0.6061790606653621 0.01081643835616436 0.0218297455968689
1 0.3090123287671233 0.5920694716242663 0.06370684931506854 0.016908023483365953
0 0.22962191780821922 0.7619275929549902 0.10344109589041098 0.15364970645792575
0 0.5404205479452056 0.9097040117416829 0.04607945205479458 0.08983855185909984
0 0.4578945205479452 0.7505993150684931 0.03151506849315072 0.11753913894324852
0 0.3467 0.5818297455968688 0.015043835616438406 0.0218297455968689
0 0.5013931506849315 0.8332974559686888 0.029153424657534233 0.10999021526418795
0 0.3001506849315069 0.6527764187866927 0.03197260273972602 0.051218199608610404
0 0.3648013698630137 0.6359858121330724 0.025860273972602765 0.04617906066536215
1 0.37774520547945206 0.5976100782778865 0.052273972602739804 0.009329745596868833
0 0.09882465753424657 0.7934148727984345 0.19764931506849315 0.19143835616438365
1 0.21155753424657534 0.6853253424657535 0.13779999999999998 0.021619373776908035
1 0.37585205479452055 0.6955993150684932 0.10438356164383561 0.029388454011741616
0 0.43063013698630137 0.6510983365949119 0.012695890410958866 0.029388454011741838
0 0.4057 0.5892416829745597 0.006802739726027407 0.034011741682974606
