1 0.2775061762283832 0.7879666829985301 0.09599505901729344 0.03611954924056826
1 0.05008921218775734 0.981499265066144 0.10017842437551468 0.03190592846643803
0 0.2749121603074389 0.9348971092601666 0.038152621465824876 0.12846153846153852
0 0.31254597858907496 0.7757863792258697 0.06543782596760911 0.1410583047525722
0 0.42071095251166624 0.7061979421852034 0.03950041174855884 0.10421362077413032
1 0.2015042547351084 0.7535374816266536 0.24884435904474334 0.09656050955414008
1 0.4894166895415866 0.961766291033807 0.20279165522920672 0.07472317491425773
1 0.3842561076036234 0.7254115629593336 0.08843535547625586 0.011793238608525214
0 0.40045292341476807 0.6191964723174914 0.01905572330496841 0.06073493385595308
1 0.4672824595113917 0.7279299363057326 0.057858907493823775 0.013429691327780602
0 0.3494633543782597 0.639343459088682 0.04710129014548453 0.1301322880940715
