2 0.06266712328767124 0.9512426614481408 0.11787671232876713 0.058307240704500995
1 0.4628876712328768 0.7490802348336596 0.054608219178082174 0.013874755381604653
2 0.060131506849315064 0.797133072407045 0.08380821917808218 0.06953033268101771
3 0.47957123287671233 0.9589383561643836 0.03363013698630135 0.04839530332681019
3 0.04258630136986301 0.8739848336594912 0.07901917808219178 0.0903767123287671
0 0.429313698630137 0.7414408023483365 0.015673972602739672 0.03498532289628187
2 0.2514068493150685 0.6471477495107631 0.10392602739726026 0.09818982387475528
2 0.17955068493150683 0.7590362035225049 0.1567342465753424 0.14650684931506852
0 0.4144232876712329 0.6609784735812133 0.02429315068493154 0.07976516634050879
2 0.13956301369863014 0.8873972602739726 0.11363013698630138 0.11369863013698622
