2 0.40968295360966234 0.6532018618324351 0.050850947021685466 0.08563939245467911
2 0.42355888004391984 0.8778025477707007 0.08227559703541037 0.23257716805487516
2 0.316774636288773 0.6641180793728565 0.08707658523195166 0.06549240568348835
0 0.38451550919571786 0.7270896619304262 0.023003019489431786 0.060450759431651235
0 0.3433543782596761 0.8811611954924057 0.049909415317046346 0.1385399314061735
0 0.2111707384024156 0.6846864282214601 0.03297556958550646 0.04953944145026945
0 0.18365220971726598 0.6796496815286623 0.0804858632994784 0.07137187653111232
0 0.31771891298380456 0.7165948064674179 0.04567664013175954 0.056256736893679604
0 0.20646719736480923 0.8773836354728075 0.08377710678012626 0.10411562959333664
0 0.19470765852319516 0.9600881920627142 0.05179247872632445 0.03946104850563448
1 0.249531979138073 0.6926653601175894 0.0540955256656602 0.028544830965213097
