0 0.42122054794520547 0.6455944227005871 0.023509589041095902 0.046648727984344385
0 0.4045698630136986 0.6890337573385519 0.011101369863013688 0.0379011741682973
1 0.3122205479452055 0.608676614481409 0.2301397260273972 0.018556751467710297
1 0.37334383561643836 0.6188013698630137 0.0761506849315069 0.016536203522504955
0 0.4288972602739726 0.5921453033268103 0.010391780821917829 0.023282778864970655
0 0.22080136986301369 0.7992367906066535 0.04669315068493149 0.06938356164383552
0 0.4997479452054794 0.8370768101761252 0.02492054794520543 0.09571917808219177
0 0.025473972602739727 0.824481409001957 0.050947945205479454 0.08731898238747549
0 0.4512616438356164 0.6919496086105674 0.018939726027397297 0.037901174168297413
1 0.3013876712328767 0.6520083170254403 0.3532958904109589 0.03498532289628187
1 0.20000410958904108 0.6342196673189824 0.07020000000000001 0.023918786692759264
0 0.45287671232876714 0.7617416829745597 0.05150684931506849 0.09980430528375739
0 0.4198150684931507 0.9571404109589041 0.021158904109589094 0.07724559686888455
1 0.3478315068493151 0.5793272994129158 0.17365205479452056 0.013165362035225003
0 0.11536849315068493 0.9470792563600783 0.05172876712328767 0.09905088062622314
1 0.2532260273972603 0.6922431506849316 0.3497068493150685 0.05480919765166348
