0 0.3965342465753424 0.599041095890411 0.014109589041095882 0.05457925636007821
0 0.362686301369863 0.86478228962818 0.04419999999999996 0.17968199608610558
0 0.4529643835616438 0.6120547945205479 0.007523287671232892 0.03358121330724062
0 0.4120575342465753 0.5725905088062622 0.01692602739726029 0.06045499021526435
0 0.17625479452054793 0.9147407045009786 0.06347397260273971 0.10663405088062616
0 0.40312328767123284 0.7283512720156555 0.03665753424657531 0.16707436399217224
0 0.47177260273972604 0.6343052837573385 0.015046575342465784 0.04281800391389434
0 0.4289835616438356 0.6909784735812133 0.013167123287671223 0.018473581213307222
0 0.32953835616438354 0.6225489236790607 0.03620547945205482 0.056252446183953086
0 0.26323972602739726 0.7405185909980431 0.05595342465753425 0.09235812133072407
1 0.3081438356164384 0.9751932485322896 0.06300547945205481 0.04617906066536204
0 0.3260109589041096 0.7610885518590997 0.02256986301369862 0.04113992172211367
0 0.3746767123287671 0.626328277886497 0.025863013698630144 0.04366438356164393
0 0.45014246575342465 0.8845156555772994 0.020690410958904115 0.17212328767123286
0 0.347172602739726 0.6750220156555773 0.022564383561643808 0.07891878669275942
0 0.4724767123287671 0.7976125244618395 0.019276712328767154 0.036947162426614444
0 0.5810917808219178 0.8777959882583171 0.06629863013698634 0.16204990215264192
0 0.3335342465753425 0.8496697651663405 0.015046575342465729 0.025190802348336705
