0 0.1203972602739726 0.9615092954990215 0.012224657534246577 0.03190313111545984
0 0.16835616438356166 0.927502446183953 0.02256986301369865 0.027705479452054815
0 0.45910136986301364 0.9673679060665362 0.011999999999999955 0.018463796477495187
0 0.3784369863013699 0.5605063600782778 0.004736986301369817 0.011394324853228999
0 0.4373890410958904 0.6480014677103718 0.012071232876712357 0.029760273972602835
0 0.4007068493150685 0.6341780821917808 0.017726027397260258 0.07521526418786695
0 0.40608219178082194 0.7620841487279844 0.038630136986301356 0.08845401174168288
0 0.43037397260273974 0.6099266144814091 0.014556164383561665 0.027651663405088067
2 0.2445260273972603 0.7822480430528376 0.16362739726027403 0.2594471624266145
0 0.12504109589041096 0.8081873776908024 0.04084383561643837 0.04761741682974552
