0 0.25155640955256653 0.6409750122488976 0.029717265989569003 0.05668789808917185
0 0.34808262421081526 0.580235178833905 0.007260499588251423 0.0340127388535032
0 0.0388004391984628 0.8064355707986282 0.0776008783969256 0.07808427241548255
0 0.20766675816634642 0.72624938755512 0.05033214383749657 0.09067613914747663
0 0.43369612956354653 0.9302817246447819 0.03763107329124349 0.13434100930916226
0 0.40335575075487234 0.8257447329740324 0.012701070546253135 0.09655560999510049
2 0.26426022508921215 0.5535129838314552 0.040153719461981846 0.07531602155805983
0 0.40968158111446606 0.9500122488975993 0.018863573977491055 0.09655560999510049
0 0.2116415042547351 0.8312052915237629 0.042382651660719195 0.08228319451249388
0 0.09004254735108427 0.7892209701126898 0.17456766401317597 0.19647231749142569
0 0.2476269558056547 0.742202351788339 0.04755695855064504 0.07892699657030877
0 0.3843041449354927 0.6422856442920137 0.05833104584133958 0.16288584027437536
