0 0.24748904109589043 0.710291095890411 0.06394794520547945 0.09403620352250486
0 0.33400547945205483 0.603238747553816 0.049841095890410914 0.09319960861056753
0 0.09373698630136985 0.8328767123287671 0.18055342465753424 0.21326810176125233
0 0.3856739726027397 0.5660151663405089 0.00816438356164384 0.02381115459882588
0 0.2601835616438356 0.6225513698630137 0.0517205479452055 0.05961350293542078
0 0.2782876712328767 0.6968566536203522 0.04184657534246572 0.08060176125244622
0 0.45554931506849317 0.8987891389432485 0.03526301369863011 0.1922749510763211
0 0.4238109589041096 0.6351443248532289 0.01786849315068495 0.09319471624266151
0 0.18095753424657535 0.8652030332681018 0.102972602739726 0.2057093933463796
0 0.4155835616438356 0.7014750489236792 0.007994520547945194 0.022666340508806226
0 0.39089452054794516 0.8471404109589041 0.0432520547945206 0.3039677103718199
