0 0.350179796870711 0.5753356197942185 0.01862475981334072 0.027535521803037644
1 0.3129769420807027 0.5917148456638903 0.12660719187482847 0.006114649681528639
0 0.04794125720559979 0.8228074473297403 0.08566017018940435 0.11082802547770698
0 0.1934984902552841 0.841548260656541 0.1885945649190228 0.3052915237628614
1 0.33347653033214386 0.6951837334639882 0.029116113093604234 0.0151102400783929
0 0.4058729069448257 0.5577241548260656 0.007963217128740097 0.022268495835374935
0 0.16389514136700523 0.7350661440470359 0.10118583584957454 0.0982361587457129
0 0.23349162777930277 0.8874571288584028 0.04186659346692287 0.06884860362567358
0 0.3977065605270381 0.5552915237628613 0.009324732363436727 0.023890249877510983
1 0.38289184737853416 0.7115556099951005 0.03198737304419441 0.010911317981381563
0 0.3842794400219599 0.8820014698677119 0.023568487510293723 0.1654042136207743
0 0.40876475432335985 0.7140739833414993 0.03951139171012896 0.19899559039686443
