0 0.5268130661542685 0.6406075453209211 0.03485588800439199 0.10075453209211171
0 0.533399670601153 0.9290200881920627 0.03579741970903105 0.1402155805977463
0 0.5355311556409552 0.5287726604605586 0.03729343947296182 0.022836844683978397
0 0.1434326104858633 0.7711685448309653 0.06402141092506176 0.051215090641842154
1 0.44543370848202035 0.8832606565409113 0.03852594015920946 0.02015188633023024
0 0.322633818281636 0.7304483096521313 0.12700796047213836 0.18807937285644283
1 0.4317911062311282 0.5654605585497305 0.07060938786714244 0.026031357177854098
0 0.5251660719187483 0.5616805487506125 0.024979412572055937 0.04030377266046059
0 0.5520285479000824 0.5105512003919648 0.01442766950315677 0.011175894169524692
0 0.046528959648641226 0.8421190592846645 0.08942355201756794 0.08732484076433122
0 0.4877696953060664 0.6221362077413033 0.05367279714520995 0.08228319451249388
0 0.38383337908317317 0.5843532582067614 0.12982981059566295 0.08060264576188136
