0 0.47341643835616437 0.9525244618395303 0.03526575342465754 0.08816046966731905
1 0.39395342465753425 0.8186130136986302 0.3493534246575343 0.05543542074364005
0 0.0761041095890411 0.7518517612524462 0.11613698630136987 0.07304794520547941
0 0.4405027397260274 0.6657901174168297 0.00893424657534253 0.015112524461839416
0 0.5498219178082192 0.8710861056751468 0.07843835616438355 0.23238747553816053
0 0.49786712328767124 0.7459735812133073 0.022101369863013698 0.05793542074364
0 0.4901095890410959 0.8068493150684932 0.02256986301369862 0.07388454011741674
0 0.29615479452054794 0.6955993150684932 0.12459999999999993 0.1838796477495107
0 0.16246575342465755 0.9141389432485323 0.12000000000000001 0.1619373776908024
1 0.10995068493150685 0.805589530332681 0.21768767123287672 0.034427592954990205
