0 0.3380013698630137 0.7346404109589041 0.04560821917808222 0.10915362035225051
1 0.2441972602739726 0.8051687866927593 0.13917808219178082 0.025190802348336594
0 0.45931095890410956 0.6200318003913894 0.0070547945205479135 0.02099315068493135
0 0.46495342465753425 0.6502568493150684 0.007052054794520535 0.019310176125244438
0 0.4955164383561643 0.7426174168297456 0.03902739726027388 0.1402152641878669
0 0.44873150684931506 0.8513478473581213 0.03949589041095891 0.0856409001956947
2 0.3471698630136987 0.8190215264187868 0.0761698630136986 0.0747260273972602
1 0.26935342465753426 0.8555454990215264 0.10015342465753427 0.0638111545988258
0 0.4536698630136986 0.5923214285714287 0.006112328767123254 0.015954011741682872
0 0.5270191780821918 0.8895523483365949 0.06535890410958906 0.16540606653620338
0 0.41088630136986304 0.9407632093933465 0.023049315068493115 0.11837573385518596
0 0.4405 0.9386619373776908 0.03245205479452057 0.10413405088062622
0 0.40264657534246573 0.701472602739726 0.025402739726027412 0.1418982387475538
1 0.39795068493150687 0.8580675146771037 0.031972602739725964 0.031908023483365966
