0 0.388758904109589 0.6933708414872799 0.01998356164383558 0.07276908023483364
0 0.3830780821917808 0.6174559686888454 0.01253972602739728 0.07346379647749512
0 0.07563287671232877 0.710291095890411 0.14905205479452055 0.1343395303326811
1 0.34836849315068497 0.6871012720156555 0.061767123287671255 0.0524804305283757
0 0.30767534246575345 0.964699119373777 0.05078082191780825 0.06045499021526424
0 0.3053767123287671 0.5590655577299413 0.01006849315068492 0.026722113502935296
0 0.34347123287671233 0.5797162426614482 0.025304109589041057 0.061223091976516764
0 0.34034109589041095 0.6295205479452055 0.014693150684931489 0.05101761252446191
0 0.3110904109589041 0.6448263209393346 0.014964383561643813 0.06316536203522494
0 0.04177945205479452 0.720366927592955 0.025860273972602738 0.030225048923679054
0 0.19177123287671233 0.8534466731898238 0.04937260273972602 0.1402201565557729
0 0.23173698630136985 0.759410469667319 0.026800000000000018 0.049535225048923714
0 0.22864383561643836 0.5908928571428571 0.03727671232876714 0.028184931506849198
0 0.1866041095890411 0.6239408023483366 0.03210684931506849 0.035944227005870855
0 0.2484301369863014 0.665369373776908 0.07899178082191785 0.13014187866927596
0 0.3640150684931507 0.6606188845401175 0.009252054794520514 0.05295988258317019
0 0.3817054794520548 0.564630626223092 0.01371232876712325 0.047578277886497045
0 0.30483287671232884 0.597937866927593 0.01986301369863014 0.017979452054794565
0 0.25735068493150687 0.5673263209393347 0.010882191780821948 0.02381115459882588
0 0.4527287671232877 0.8899706457925636 0.04936986301369867 0.216624266144814
0 0.29775753424657536 0.6562475538160469 0.005169863013698595 0.02866927592954993
0 0.4108808219178082 0.8009711350293542 0.03620547945205477 0.16793052837573386
0 0.2788465753424657 0.5583365949119374 0.011430136986301409 0.012632093933463873
0 0.33353972602739723 0.5192221135029355 0.007073972602739731 0.014090019569471535
0 0.28604520547945206 0.7023140900195695 0.04702191780821918 0.0528962818003913
