1 0.379613698630137 0.8202837573385519 0.01974794520547951 0.018473581213307222
0 0.46899178082191784 0.7408683953033268 0.016652054794520532 0.03614970645792548
0 0.3079657534246576 0.6901614481409002 0.01497260273972606 0.022837573385518617
0 0.1235904109589041 0.9231360078277886 0.03243561643835617 0.15029354207436396
0 0.41122465753424653 0.8036179060665362 0.009249315068493191 0.03206947162426621
2 0.2680986301369863 0.6848189823874755 0.08380821917808218 0.10252446183953023
0 0.3130780821917808 0.8731775929549902 0.036199999999999954 0.10915362035225051
0 0.08057123287671232 0.7980308219178083 0.014106849315068504 0.024349315068493138
0 0.1503958904109589 0.8253131115459882 0.0174 0.09573385518591004
1 0.42850273972602737 0.7975464774951077 0.03782191780821914 0.018948140900195698
0 0.2192780821917808 0.9516854207436399 0.03291232876712327 0.08648238747553827
1 0.40971232876712327 0.70646771037182 0.09341917808219175 0.030322896281800404
0 0.32883287671232875 0.9579818982387476 0.013167123287671223 0.07892857142857146
0 0.2759356164383562 0.7762035225048924 0.018336986301369873 0.039461839530332665
