0 0.34552465753424655 0.8891340508806262 0.013635616438356146 0.05709393346379654
0 0.36456712328767127 0.7518517612524462 0.015046575342465784 0.138537181996086
0 0.3429383561643836 0.9768737769080236 0.012227397260273942 0.039461839530332665
0 0.2858095890410959 0.6750269080234834 0.019279452054794588 0.03358610567514664
0 0.3763219178082192 0.6767074363992173 0.026331506849315123 0.03526418786692753
2 0.3871369863013699 0.6015582191780822 0.025391780821917842 0.12174657534246569
0 0.4040630136986302 0.886614481409002 0.037616438356164406 0.2216634050880626
0 0.32953835616438354 0.7946722113502935 0.010813698630137036 0.0528962818003913
0 0.17696027397260272 0.6624315068493151 0.13635342465753425 0.12258317025440313
0 0.05847260273972603 0.7610885518590997 0.09027671232876713 0.08479941291585125
0 0.44355890410958904 0.9739359099804306 0.015046575342465784 0.04702054794520549
0 0.37255342465753427 0.8643590998043053 0.029139726027397228 0.06130136986301382
0 0.27875753424657534 0.5717514677103718 0.06159726027397261 0.053737769080234754
0 0.10337534246575342 0.8950097847358122 0.0315013698630137 0.04534246575342471
0 0.1550972602739726 0.7946722113502935 0.03808493150684933 0.03106653620352251
0 0.4045342465753425 0.6863600782778865 0.009402739726027343 0.05793542074363989
