0 0.42869475706835025 0.6431994120529152 0.010455668405160545 0.012552670259676546
0 0.3675802909689816 0.6985423811856933 0.01933296733461426 0.03526212640862325
0 0.5211913258303595 0.7753674669279764 0.07902827340104313 0.09655560999510049
0 0.4558056546802086 0.8194487996080353 0.05080428218501232 0.0554189122978932
0 0.053586329947845186 0.8303625673689368 0.10165522920669778 0.10075453209211171
0 0.4743041449354927 0.6751886330230279 0.03175953884161409 0.044135227829495305
0 0.482854790008235 0.8773836354728075 0.026813066154268483 0.013434590886820197
0 0.2978300850947022 0.6404605585497305 0.029401592094427664 0.021577658010779044
1 0.31465413121054076 0.6667001469867713 0.08003568487510293 0.023904948554630212
0 0.4914315124897063 0.7211464968152865 0.016104858632994767 0.021861832435080886
0 0.35542135602525393 0.6057471827535521 0.01771616799341197 0.03158255756981876
0 0.4343796321712874 0.6985448309652131 0.03711501509744719 0.06548750612444865
0 0.42019901180345864 0.6180965213130818 0.013837496568762042 0.0230818226359627
0 0.46424924512764204 0.770749632533072 0.024507274224540243 0.041979421852033294
1 0.2720299203952786 0.7767246447819697 0.3335190776832281 0.0542234198922098
