0 0.2622097172659896 0.6212959333659971 0.07483941806203678 0.08900048995590404
0 0.20364534724128464 0.6422856442920137 0.13082075212736755 0.11923076923076914
0 0.25585918199286306 0.703579127878491 0.08189678836124076 0.10411073003429694
0 0.3995923689267088 0.633890249877511 0.028693384573154013 0.23173934345908875
0 0.33770930551743067 0.6074424301812837 0.05837771067801256 0.14693777560019605
0 0.4294386494647269 0.8278441940225381 0.040502333241833666 0.04870161685448304
0 0.31677738127916555 0.5637800097991181 0.025918199286302512 0.041141597256247
0 0.4830647817732638 0.7589955903968643 0.06957178149876475 0.1830377266046057
0 0.11071644249245126 0.7539563939245468 0.2112105407631073 0.20318961293483584
2 0.22104858632994784 0.8530328270455658 0.17974197090310184 0.29219010289074
0 0.5484751578369476 0.9504311611954923 0.0385753499862751 0.09404213620774138
