1 0.19449492176777383 0.8051739343459088 0.050334888827889085 0.01847133757961783
0 0.2807905572330497 0.7392626163645272 0.04708756519352186 0.08648211660950511
0 0.14484353554762558 0.9101273885350318 0.07060938786714244 0.13266046055854974
0 0.2297515783694757 0.8282631063204311 0.06261048586329948 0.09487996080352767
0 0.32564644523744163 0.5824424301812837 0.03172110897611857 0.021572758451739338
0 0.15636837771067802 0.8127315041646253 0.047559703541037585 0.058770210681038715
0 0.07263656327202855 0.7967785399314062 0.052261872083447715 0.05373346398824108
1 0.40239088663189676 0.7522758451739344 0.2611199560801537 0.0570945614894659
2 0.18974471589349434 0.6960240078392945 0.18016469942355195 0.17128368446839792
0 0.202469118858084 0.9361587457128858 0.05226187208344771 0.12258696717295448
0 0.023455942904199834 0.82406418422342 0.04139445511940708 0.04114159725624689
0 0.40143425748009876 0.5929397354238118 0.02583859456491905 0.03440470357667813
