0 0.28918062036782877 0.6654262616364527 0.021765028822399113 0.034066634002939855
0 0.3939088663189679 0.6805683488486036 0.041888553390063143 0.1088290053895149
0 0.11951962668130661 0.8350538951494365 0.04030743892396377 0.06200391964723173
0 0.24994510019214933 0.7118005879470848 0.04138347515783694 0.1324987751102401
0 0.3534820203129289 0.6483929446349829 0.01511117211089763 0.042586967172954404
0 0.4434779028273401 0.8880597746202843 0.0429371397200109 0.2181381675649191
1 0.2556162503431238 0.7575698187163156 0.4805435080977216 0.040078392944635
2 0.1334326104858633 0.9472072513473788 0.11110348613779851 0.10551690347868703
0 0.39841614054350805 0.8861685448309652 0.04029645896239359 0.21813816756491922
0 0.17665385671150152 0.827687408133268 0.058605544880592914 0.09749142577168057
