1 0.26606027397260273 0.835817025440313 0.5299068493150685 0.03443248532289622
0 0.4071027397260274 0.6000684931506849 0.007257534246575326 0.010929549902152669
0 0.13252739726027396 0.9290166340508806 0.08604657534246576 0.13685909980430533
2 0.5241972602739726 0.7787230919765167 0.056893150684931504 0.10159491193737757
0 0.4188931506849315 0.5990557729941292 0.004536986301369839 0.008101761252446105
0 0.394858904109589 0.586910469667319 0.00861643835616438 0.008909001956947105
0 0.400527397260274 0.5393321917808219 0.010430136986301353 0.017411937377690867
2 0.5575808219178082 0.8752788649706458 0.04184657534246572 0.09319960861056753
0 0.39587808219178083 0.5976369863013699 0.007027397260273904 0.00850293542074354
0 0.46165068493150685 0.6787744618395304 0.015745205479452073 0.01405577299412919
0 0.4048301369863014 0.5731433463796478 0.006810958904109543 0.015386497064579285
