0 0.5674547945205479 0.9718346379647749 0.022098630136986208 0.04954011741682984
0 0.35069726027397263 0.7249853228962818 0.03526301369863016 0.08984344422700596
1 0.4358082191780822 0.6779672211350294 0.13495890410958905 0.01931017612524466
0 0.41264657534246574 0.6002715264187868 0.014536986301369847 0.02591487279843452
1 0.36950410958904106 0.8039114481409002 0.08510684931506851 0.06465264187866937
0 0.4014780821917808 0.9487451076320939 0.01081369863013698 0.03862524461839534
1 0.26603835616438354 0.6413869863013699 0.161041095890411 0.01329256360078268
1 0.5018630136986302 0.7510127201565557 0.051720547945205475 0.020988258317025554
0 0.32459589041095893 0.6280919765166341 0.01649589041095889 0.01889432485322895
0 0.4828219178082192 0.9730968688845401 0.014575342465753427 0.04869863013698639
1 0.18048767123287673 0.6674706457925635 0.09168767123287672 0.021829745596868788
1 0.29568356164383564 0.6615924657534247 0.14434794520547947 0.02686399217221136
0 0.48826849315068493 0.5454036203522505 0.005693150684931481 0.0060714285714286165
0 0.16614657534246574 0.8845156555772994 0.05266027397260273 0.12846379647749506
0 0.2734260273972603 0.6211325831702543 0.014523287671232843 0.014192759295499013
0 0.2851041095890411 0.8761179060665363 0.0789917808219178 0.08144324853228968
0 0.45966027397260273 0.5949266144814089 0.021589041095890438 0.03988258317025439
0 0.21246027397260275 0.9558830724070451 0.020219178082191785 0.08312622309197659
1 0.42354109589041095 0.6053326810176125 0.010884931506849327 0.008502935420743762
0 0.5465328767123288 0.9034050880626223 0.01598630136986301 0.0436594911937378
0 0.43894931506849316 0.5763796477495107 0.012265753424657522 0.014579256360078285
1 0.042484931506849316 0.7531115459882584 0.08087123287671233 0.030225048923679054
0 0.5251383561643835 0.8631042074363993 0.013635616438356202 0.01175636007827785
0 0.43838219178082194 0.5603864970645792 0.01566849315068497 0.014980430528375832
1 0.1931821917808219 0.8047504892367907 0.2666 0.06968688845401172
0 0.4762383561643836 0.8081090998043052 0.025863013698630144 0.11670743639921721
0 0.3594698630136986 0.6189946183953033 0.01806301369863017 0.01888943248532282
0 0.44574931506849313 0.6470523483365949 0.016495890410958836 0.05457436399217219
1 0.3222657534246576 0.6025538160469668 0.08541917808219185 0.015391389432485192
0 0.45459589041095894 0.5599804305283758 0.010906849315068523 0.012553816046966704
0 0.3806287671232877 0.6431335616438356 0.025115068493150705 0.05597358121330731
0 0.2333835616438356 0.9155821917808219 0.024449315068493155 0.04954011741682973
0 0.2575986301369863 0.7426174168297456 0.12742191780821913 0.14525440313111537
0 0.4454410958904109 0.723304794520548 0.034794520547945185 0.08479941291585125
