0 0.13423689267087563 0.9483317001469868 0.048451825418611025 0.10159235668789823
0 0.37748284381004665 0.5977878490935815 0.013642602250892089 0.043659970602645815
0 0.388302223442218 0.6888853503184713 0.020227834202580286 0.04953944145026945
0 0.39771067801262694 0.7690690837824596 0.01928630249794122 0.08228319451249388
0 0.27796870710952515 0.837515923566879 0.12047213834751574 0.32496815286624203
0 0.481183090859182 0.8584933855952964 0.11388416140543511 0.2779176874081333
0 0.3819283557507549 0.9034272415482607 0.03015371946198181 0.1931455169034787
0 0.3123016744441395 0.5689735423811857 0.016335437825967636 0.026237138657520864
0 0.4454337084820203 0.662437530622244 0.012278342025802913 0.025188633023027984
0 0.3546445237441669 0.7405218030377265 0.03203403788086745 0.1125085742283195
0 0.4270861926983256 0.6746129348358647 0.015100192149327507 0.07808427241548255
0 0.345447433433983 0.6170970112689858 0.035281361515234644 0.11923076923076936
0 0.40380181169365903 0.6175183733463988 0.020181169365907248 0.054576188143067084
