0 0.37514657534246576 0.9604990215264189 0.03338356164383566 0.07052837573385518
0 0.35036849315068497 0.5732632093933464 0.010430136986301408 0.016193737769080174
0 0.3589246575342466 0.8198630136986302 0.03667671232876707 0.08816046966731894
0 0.2745246575342466 0.9092857142857143 0.07287945205479454 0.16792563600782773
0 0.380072602739726 0.5631409001956947 0.00453424657534246 0.009716242661448105
0 0.377027397260274 0.678378180039139 0.04561643835616436 0.09402641878669282
0 0.3965397260273973 0.7644471624266145 0.024449315068493183 0.044500978473581254
0 0.43274520547945206 0.9756164383561644 0.018805479452054796 0.048698630136986276
0 0.4193438356164384 0.934053326810176 0.02115890410958904 0.049535225048923714
0 0.4122917808219178 0.749332191780822 0.012693150684931487 0.05961350293542067
0 0.4884630136986301 0.9751956947162427 0.027742465753424594 0.04785714285714282
0 0.4040630136986301 0.821541095890411 0.02162739726027396 0.04785714285714293
0 0.40030273972602737 0.5965215264187866 0.014106849315068448 0.06968688845401172
0 0.4452054794520548 0.9109637964774951 0.03338630136986309 0.17296477495107632
0 0.3081438356164384 0.7224657534246575 0.025389041095890352 0.06968688845401172
2 0.30306438356164384 0.658529843444227 0.04326301369863017 0.03886986301369866
