0 0.4118219178082192 0.5881262230919765 0.010816438356164415 0.04785714285714282
0 0.43015890410958907 0.6489970645792564 0.020219178082191758 0.0654892367906067
3 0.44492328767123285 0.9442954990215264 0.020219178082191758 0.039461839530332776
0 0.40053698630136986 0.5469814090019569 0.004230136986301369 0.03106653620352251
0 0.27076438356164384 0.7018957925636007 0.039024657534246554 0.06885029354207439
1 0.192013698630137 0.8194447162426615 0.37898630136986305 0.02854696673189816
0 0.41581917808219176 0.8039114481409002 0.009402739726027454 0.03274461839530329
0 0.4581356164383562 0.7472358121330723 0.028210958904109573 0.13770058708414878
1 0.47388767123287673 0.8349755381604698 0.14435068493150693 0.020988258317025443
0 0.41346712328767127 0.7161692759295499 0.013164383561643844 0.14609589041095894
0 0.12946986301369862 0.8929109589041095 0.09027671232876713 0.1351761252446183
