2 0.046246575342465755 0.8593248532289628 0.09121643835616439 0.13350293542074365
0 0.2761712328767123 0.7669642857142858 0.028210958904109573 0.051218199608610626
2 0.4502438356164383 0.5884613502935421 0.014147945205479517 0.04761741682974552
2 0.19647397260273974 0.7149094911937377 0.0615945205479452 0.08479941291585125
0 0.16356027397260273 0.9214579256360078 0.10297260273972601 0.13685909980430533
2 0.1336986301369863 0.791316046966732 0.10345205479452053 0.14026418786692763
2 0.37043835616438353 0.6624217221135029 0.07945205479452055 0.11752446183953025
2 0.48006849315068495 0.8690068493150684 0.14452054794520552 0.25415851272015655
2 0.4546095890410959 0.6561350293542074 0.03808493150684933 0.06968688845401161
0 0.26512054794520545 0.8584858121330725 0.12648219178082193 0.2745547945205479
0 0.33059589041095894 0.6636912915851272 0.03766301369863012 0.05457436399217219
