0 0.44920532528136153 0.6787408133268006 0.026623661817183675 0.03036746692797654
0 0.35167718912983803 0.5584076433121019 0.00328300850947022 0.008397844194022452
1 0.4359717265989569 0.7008157765801077 0.04741970903101839 0.00703086722195001
0 0.34995745264891576 0.6142381185693288 0.00800713697502059 0.024135227829495287
0 0.37000137249519627 0.5589955903968643 0.00951688169091408 0.018549730524252794
1 0.3559442766950316 0.5801445369916707 0.02651935218226731 0.00703086722195001
0 0.4623442217952237 0.7340886820186183 0.06742794400219604 0.12365997060264577
1 0.34655640955256656 0.5699485546300833 0.010109799615701354 0.012890739833415044
0 0.4269530606642877 0.6165801077902988 0.03203403788086745 0.023194512493875497
1 0.39502195992314026 0.6323272905438511 0.1085122152072468 0.023958843704066535
0 0.33007411474059845 0.6754140127388535 0.014691188580840009 0.03584517393434583
0 0.43512626955805656 0.6520676139147477 0.01917924787263242 0.019941205291523767
1 0.4203513587702443 0.5885791278784909 0.015690365083722235 0.0032533072023517295
1 0.5395923689267088 0.9682312591866733 0.043121054076310616 0.013993140617344468
0 0.06273538292615977 0.8165090641842234 0.12465824869612957 0.1284615384615384
1 0.40411199560801536 0.5738143067123959 0.04489706286028 0.014066634002939837
0 0.32227147954982155 0.5677241548260656 0.009588251441119966 0.02483586477217048
0 0.40568624759813343 0.6046300832925038 0.007090310183914317 0.018510534051935257
1 0.4224059840790557 0.5949240568348848 0.020513313203403827 0.004233219010289058
1 0.36741010156464454 0.8039514943655071 0.02880867416964039 0.010529152376286044
0 0.49810458413395553 0.8940911317981382 0.04611858358495741 0.20974032337089665
