0 0.35535684875102935 0.5959725624693777 0.025805654680208567 0.03964723174914242
0 0.4271108976118584 0.6523615874571288 0.031987373044194356 0.06381185693287605
0 0.3455256656601702 0.7543851053405194 0.01973648092231678 0.18647721705046538
0 0.4080483118309086 0.5738633023027927 0.026132308536920112 0.04081822635962773
1 0.40058331045841344 0.6096668299853013 0.06732637935767222 0.021587457128858345
0 0.23437414219050234 0.6068177364037237 0.014732363436727985 0.027403233708966135
0 0.3958276146033489 0.8593312101910828 0.016464452374416683 0.054576188143067084
0 0.2013148503980236 0.6388265556099951 0.020285479000823475 0.025071043606075483
0 0.09662777930277243 0.7396839784419402 0.1698627504803733 0.14273885350318471
0 0.5065852319516881 0.7875428711415973 0.09789184737853412 0.19311611954924057
