1 0.28442465753424656 0.6696159491193737 0.0784 0.03906555772994125
1 0.241813698630137 0.6981898238747554 0.11007123287671233 0.02857142857142847
0 0.39296575342465756 0.6383170254403132 0.013060273972602787 0.04275929549902158
1 0.3687972602739726 0.7552152641878669 0.23792328767123283 0.03947162426614481
0 0.28346027397260276 0.8248997064579257 0.05689315068493156 0.08983855185909984
0 0.27734657534246576 0.9323727984344423 0.01645753424657531 0.13181996086105674
0 0.34340958904109586 0.6103742661448142 0.035734246575342465 0.08228473581213314
0 0.13088219178082192 0.9344716242661448 0.08181369863013697 0.1276223091976516
0 0.0699917808219178 0.7841780821917809 0.1387068493150685 0.12930528375733852
0 0.3217794520547945 0.7048336594911937 0.038556164383561575 0.09823874755381601
