0 0.3861336810321164 0.5570137187653111 0.01607740872906943 0.022268495835374713
0 0.35488059291792484 0.9374154826065654 0.04567664013175948 0.09487996080352756
0 0.4195841339555312 0.6502621264086232 0.058328300850947035 0.09991670749632542
0 0.4786192698325556 0.7346447819696227 0.05033214383749651 0.09068103870651645
0 0.353060664287675 0.5158182263596276 0.012917924787263224 0.017153356197942227
0 0.34823222618720834 0.5298530132288094 0.005671150150974524 0.007760901518863328
2 0.20838869063958276 0.6287996080352768 0.06239363162228931 0.07871631553160219
0 0.45486412297556955 0.7384247917687408 0.03668954158660448 0.08815776580107781
0 0.2801413670052155 0.5269034786869182 0.0076118583584957045 0.016168544830965192
2 0.399820203129289 0.7862836844683979 0.09785616250343127 0.19899559039686432
0 0.3733735931924238 0.5398628123468887 0.0025363711227011088 0.00562469377756003
0 0.3310307438923964 0.5198971092601666 0.02117211089761184 0.017550220480156753
0 0.4360252539116113 0.9432925036746693 0.029212187757342856 0.1116707496325332
0 0.3558907493823772 0.5149853013228809 0.0047158934943726805 0.006482116609505151
0 0.5705613505352731 0.8790641842234199 0.11482569311007407 0.17296423321901022
0 0.3659099643151249 0.5322121509064184 0.006994235520175696 0.010460558549730603
0 0.38945237441668956 0.5836697697207252 0.026832281087016185 0.025644292013718872
0 0.309876475432336 0.516592356687898 0.006955805654680236 0.014762371386575324
0 0.3648682404611584 0.579453699167075 0.021929728245951186 0.0786232239098481
