0 0.23586741696404062 0.624233219010289 0.045673895141366994 0.02602645761881428
2 0.41297556958550646 0.5587432631063205 0.023568487510293723 0.041141597256247
0 0.12273538292615975 0.872765801077903 0.08189678836124073 0.16036746692797643
0 0.09992039527861651 0.9579862812346889 0.04003293988471042 0.07724644781969614
0 0.21937963217128742 0.6674767270945614 0.035278616524842155 0.03694267515923577
0 0.29678424375514684 0.598625673689368 0.07154817458138896 0.062131308182263534
0 0.3014891572879495 0.5776359627633513 0.006634641778753836 0.015115139637432717
0 0.19188443590447432 0.6540421362077413 0.0677875377436179 0.03694267515923555
0 0.08533763381828165 0.7413645271925526 0.16704090035684876 0.12090641842234195
0 0.19400219599231402 0.7350661440470357 0.09177600878396924 0.128466438020578
0 0.16412983804556686 0.8555536501714847 0.019805105682130092 0.04869671729544345
0 0.06820065879769421 0.8034958353748163 0.13640131759538843 0.11923076923076914
0 0.44435355476255833 0.8146153846153846 0.09996157013450446 0.2755805977462027
0 0.260329398847104 0.6024032337089662 0.04567664013175951 0.03106810387065173
0 0.24172385396651114 0.8622684958353748 0.13641504254735107 0.27371876531112205
