0 0.12414493549272579 0.8022366487016168 0.24371671699149056 0.24265066144047032
0 0.2031732088937689 0.8513547280744733 0.16468844359044743 0.2569279764821165
0 0.266918748284381 0.8563988241058305 0.11436453472412844 0.2854581087702108
0 0.6264603348888279 0.9523468887800098 0.04116113093604179 0.08885840274375312
0 0.3288635739774911 0.6591180793728565 0.05520724677463623 0.06063694267515918
0 0.4315564095525666 0.7308672219500245 0.024979412572055992 0.05793238608525242
1 0.5027614603348889 0.6723958843704068 0.033823771616799336 0.012552670259676657
0 0.27783557507548723 0.6353037726604607 0.09484765303321438 0.06761881430671235
1 0.2202278342025803 0.6743777560019599 0.06351907768322809 0.010529152376286155
0 0.45967471863848475 0.6290298873101421 0.04468569860005489 0.12390984811366978
1 0.38522097172659897 0.7023199412052915 0.18153170463903373 0.022670259676629057
0 0.44710266264068077 0.7707520823125918 0.01928904748833382 0.08900048995590404
