0 0.31076722481471314 0.6601690347868692 0.03985451550919572 0.06238608525232725
0 0.5106231128191051 0.8075110240078394 0.08349711776008784 0.23089661930426264
1 0.30268322810870163 0.7066144047035767 0.20349986275048032 0.06761391474767275
1 0.29069311007411475 0.7552155805977462 0.2333214383749657 0.04617834394904463
0 0.6844221795223717 0.8013963743263106 0.08091133681032125 0.1133463988241058
1 0.4298860828987099 0.8387604115629593 0.21262421081526212 0.05373836354728079
0 0.8455352731265441 0.9575673689367956 0.030576447982431976 0.04617834394904452
1 0.28590035684875104 0.6434443900048996 0.02790282734010424 0.028750612444879864
0 0.2297556958550645 0.645874571288584 0.04809223167718912 0.044135227829495305
0 0.2895306066428767 0.6092283194512493 0.038336535822124596 0.03482116609505137
1 0.2805160581937964 0.8732827045565899 0.5397913807301675 0.1259480646741794
