0 0.41017534246575343 0.6397627201565557 0.030093150684931458 0.09068003913894318
0 0.46307260273972606 0.7237230919765166 0.04748767123287673 0.07052837573385506
0 0.5171438356164384 0.828679060665362 0.0333835616438356 0.11251467710371821
0 0.4275739726027397 0.7636081213307242 0.03385479452054796 0.13518101761252443
0 0.2500753424657534 0.6573923679060666 0.1434109589041096 0.07556751467710376
0 0.48728767123287675 0.9025660469667318 0.031972602739726075 0.14777397260273972
0 0.3377671232876712 0.9382485322896281 0.054542465753424696 0.10663405088062616
0 0.04356164383561644 0.8906555772994129 0.08712328767123288 0.16976516634050887
0 0.26582602739726024 0.8521893346379648 0.047958904109589 0.11754892367906067
0 0.3405876712328767 0.7065117416829746 0.0789945205479452 0.07472602739726031
0 0.39254383561643835 0.7207876712328768 0.03620547945205477 0.04785714285714282
0 0.4626027397260274 0.7762035225048924 0.0098739726027397 0.0361056751467711
0 0.35186575342465753 0.8257460861056751 0.051731506849315045 0.16709882583170255
0 0.44144383561643835 0.8945914872798435 0.030564383561643815 0.19227495107632098
1 0.24396301369863013 0.7354818982387477 0.16879726027397263 0.03358610567514686
0 0.121713698630137 0.739258806262231 0.11237534246575345 0.10327299412915847
