0 0.3798479452054795 0.834557240704501 0.025860273972602765 0.023507827788649682
0 0.428513698630137 0.6443786692759295 0.011284931506849283 0.03106653620352251
0 0.4064150684931507 0.9655381604696673 0.033854794520547904 0.06213307240704502
0 0.39254383561643835 0.8924902152641878 0.042786301369862945 0.07892367906066544
0 0.34481917808219176 0.7745229941291585 0.01692602739726029 0.08816536203522507
2 0.3852561643835617 0.7073532289628179 0.06394794520547947 0.2292172211350293
0 0.3782027397260274 0.964699119373777 0.02162739726027396 0.0638111545988258
0 0.16959041095890412 0.8531727005870842 0.17375068493150686 0.2886350293542074
0 0.2846342465753425 0.6624315068493151 0.06018356164383565 0.09739726027397255
0 0.3311835616438356 0.9050856164383562 0.052663013698630134 0.1779990215264189
0 0.44755616438356166 0.9050856164383562 0.02962191780821921 0.18639432485322893
