0 0.5107933022234422 0.6366487016168545 0.0071863848476529935 0.01687408133267998
0 0.48849849025528413 0.7224693777560021 0.02399121603074389 0.09319941205291526
0 0.35699698051056816 0.6998015678588927 0.01980236069173752 0.03106810387065173
0 0.39423826516607186 0.6103380695737384 0.008147131485039816 0.016854483096521378
0 0.37770656052703816 0.5618912297893189 0.03591819928630258 0.030063694267515872
0 0.4778904748833379 0.630952964233219 0.022626955805654658 0.04953944145026945
0 0.05885808399670601 0.7650416462518373 0.11097447158934944 0.044781969622734064
0 0.17293164973922592 0.7276065654091132 0.12038429865495472 0.10705046545810881
0 0.3858029096898161 0.667422831945125 0.0184353554762558 0.024507594316511505
1 0.48328849849025524 0.5647746202841745 0.013044194345319837 0.008098971092601603
0 0.47581937963217125 0.5585350318471338 0.0034037880867416326 0.013160215580597767
0 0.6082212462256382 0.8866193042626164 0.04608838869063947 0.12091131798138166
0 0.4981183090859182 0.8824203821656051 0.039464726873455924 0.23173934345908875
0 0.4622001097996157 0.5671362077413034 0.008715344496294242 0.0290200881920627
0 0.5731526214658249 0.9407741303282704 0.017460883886906364 0.11167074963253298
0 0.12471452099917649 0.7636428221460068 0.03414493549272578 0.03918177364037245
0 0.3058221246225638 0.6323860852523273 0.14547900082349707 0.09318961293483585
0 0.40075898984353553 0.5991940225379716 0.0034230030194894456 0.00742283194512483
0 0.4868350260774087 0.6674742773150416 0.010288223991216039 0.03358647721705044
0 0.4374553939061213 0.7539686428221459 0.011281910513313231 0.03356197942185202
0 0.5078630249794126 0.6091474767270946 0.006996980510568296 0.030034296913277858
0 0.48697364809223165 0.5760779029887311 0.003401043096349199 0.014507594316511496
0 0.27983804556684055 0.853233708966193 0.0858907493823772 0.2906908378245958
0 0.32947845182541863 0.8013963743263106 0.015569585506450712 0.034424301812836844
0 0.4869640406258578 0.5932876041156296 0.004556684051605808 0.009113179813816763
0 0.22604721383475157 0.6548407643312102 0.03688718089486687 0.039882410583047534
0 0.38365358221246226 0.6331479666829984 0.008624759813340599 0.03148946594806479
0 0.10278204776283284 0.7328564429201372 0.032536371122701066 0.02239098481136681
0 0.5423634367279715 0.8375085742283195 0.01788086741696404 0.03443900048995585
1 0.521167993412023 0.812312591866732 0.03006038978863579 0.020989710926016647
0 0.3987263244578644 0.6488926996570308 0.011408180071369733 0.013993140617344468
