1 0.10784246575342465 0.7241438356164384 0.15986575342465753 0.039461839530332776
0 0.16873287671232878 0.867722602739726 0.07100000000000001 0.12174657534246569
1 0.41135068493150684 0.6662108610567514 0.11425753424657531 0.02603228962817994
0 0.2989753424657534 0.5751100782778864 0.030564383561643815 0.023507827788649682
1 0.37776164383561645 0.5680454990215265 0.06334794520547948 0.008742661448140843
0 0.3427041095890411 0.678383072407045 0.041846575342465775 0.10411448140900192
0 0.34693287671232875 0.8580650684931507 0.06723013698630143 0.2804354207436399
0 0.3278931506849315 0.6099559686888454 0.024449315068493127 0.041144814090019466
1 0.27076438356164384 0.6922382583170255 0.16409863013698633 0.04786203522504884
0 0.268413698630137 0.7732632093933464 0.08134246575342469 0.09739726027397255
