0 0.42851917808219175 0.6766731898238747 0.02844109589041094 0.11777886497064582
1 0.37973972602739725 0.6181286692759296 0.1498630136986301 0.011472602739726057
1 0.5162972602739726 0.7951638943248532 0.039208219178082204 0.019437377690802338
0 0.43746438356164385 0.5566634050880626 0.009295890410958907 0.03806262230919766
0 0.4858767123287671 0.8945890410958903 0.05172054794520553 0.20907045009784742
0 0.28745616438356164 0.7069324853228963 0.052660273972602756 0.0822798434442269
1 0.392113698630137 0.6003938356164383 0.03423835616438359 0.03563111545988251
0 0.2943301369863014 0.5877592954990216 0.030819178082191756 0.024970645792563695
0 0.3471698630136987 0.7400978473581213 0.0761698630136986 0.06633072407045004
0 0.27156027397260274 0.6123899217221136 0.014380821917808206 0.010797455968688863
0 0.4513178082191781 0.772421722113503 0.020219178082191758 0.11922700587084145
0 0.3180712328767123 0.603231409001957 0.026772602739726037 0.025924657534246554
1 0.2864986301369863 0.6440190802348337 0.04146849315068496 0.04781311154598833
0 0.3313328767123288 0.6427079256360078 0.02337808219178078 0.03441780821917806
0 0.40832602739726026 0.5977617416829746 0.0036273972602739457 0.010122309197651669
0 0.3987986301369863 0.5754916829745598 0.013142465753424593 0.023889432485322826
0 0.3921123287671233 0.6655944227005871 0.030723287671232835 0.0862964774951076
0 0.4344027397260274 0.6060616438356163 0.014964383561643868 0.021056751467710355
1 0.36534657534246573 0.6287353228962818 0.022923287671232806 0.014574363992172157
0 0.20517397260273973 0.8400048923679061 0.09310410958904106 0.15535225048923684
