0 0.4421493150684932 0.6267465753424658 0.025389041095890408 0.034422700587084076
1 0.3561041095890411 0.6884613502935422 0.028213698630137007 0.015112524461839638
0 0.428513698630137 0.6955968688845402 0.032912328767123356 0.09823874755381612
0 0.44567671232876716 0.7699045988258317 0.012695890410958921 0.03358610567514686
0 0.44355890410958904 0.8102054794520548 0.012224657534246508 0.0436594911937378
0 0.4028890410958904 0.6666291585127202 0.01081369863013698 0.04030332681017612
0 0.4755342465753425 0.9201981409001957 0.0197479452054794 0.15616927592954988
1 0.3784383561643836 0.6229696673189824 0.07193972602739723 0.04534246575342471
0 0.38126027397260276 0.6809026418786692 0.005172602739725973 0.01175636007827785
1 0.4680095890410959 0.6976956947162427 0.030090410958904135 0.01679060665362031
0 0.29615479452054794 0.958820939334638 0.07758082191780824 0.08060665362035224
0 0.4033575342465754 0.7241462818003914 0.01081369863013698 0.04113992172211356
