0 0.4656107603623387 0.7425649191572758 0.038374965687620055 0.08267025967662911
0 0.43823771616799345 0.6632680058794708 0.014427669503156715 0.012631063204311621
0 0.4493494372769695 0.5563988241058304 0.004633543782596783 0.008682018618324405
0 0.4762928904748833 0.6489294463498285 0.012097172659895739 0.0330671239588437
0 0.2747474608838869 0.6587775600195982 0.009610211364260213 0.016869181773640385
0 0.0988622014822948 0.7731014208721215 0.061622289321987364 0.0722097011268985
0 0.39603074389239634 0.7157471827535522 0.04331045841339559 0.1477119059284665
0 0.4651550919571782 0.6080793728564429 0.00978314575898992 0.01658990690837825
0 0.24388004391984625 0.7012322390984811 0.040266264068075736 0.0681577658010778
0 0.27008921218775733 0.8877119059284664 0.04092506176228383 0.13853993140617338
0 0.47353966511117207 0.8801518863302302 0.06585506450727413 0.2392944634982851
0 0.34831320340378813 0.6279838314551691 0.03403513587702445 0.02725624693777562
0 0.16942217952237165 0.7197844194022538 0.038103211638759266 0.03946104850563448
0 0.47076996980510566 0.6824620284174424 0.020145484490804277 0.044218520333169975
0 0.28648366730716446 0.6700244977951983 0.0031512489706286284 0.011807937285644221
0 0.38151111721108977 0.5860485056344928 0.024564919022783405 0.020955414012738927
1 0.2595704090035685 0.7175967662910339 0.026656601701894017 0.011136697697207265
0 0.5443357123250068 0.784436550710436 0.08231951688169092 0.15869181773640384
0 0.4078836124073566 0.5997574718275356 0.00670875651935221 0.01733953944145028
0 0.41564370024704916 0.7862003919647231 0.04654954707658521 0.04469867711905928
0 0.20681992863024978 0.6920749632533072 0.01975569585506448 0.02770700636942669
0 0.22939610211364259 0.7886330230279275 0.029157287949492156 0.11503184713375791
