0 0.33273126544057097 0.64171974522293 0.07369750205874281 0.10502694757471831
1 0.30932335986824044 0.5963718765311122 0.04607466373867691 0.010970112689858036
0 0.4386343672797145 0.6093998040176385 0.015879769420807044 0.05267515923566879
0 0.3983941806203678 0.6960338069573739 0.02160307438923964 0.08898089171974533
0 0.31301399945100195 0.9479127878490936 0.02968432610485866 0.09907888290053901
0 0.38211089761185835 0.608892699657031 0.0347845182541861 0.019941205291523656
1 0.42511803458687897 0.6036820186183243 0.0516085643700247 0.007422831945124941
0 0.42663052429316495 0.6480524252817247 0.010774087290694512 0.015183733463988158
0 0.3621054076310733 0.8617589416952475 0.042465001372495204 0.2685448309652132
0 0.16695443315948394 0.7638143067123959 0.3339088663189679 0.33522292993630576
