0 0.1395580565468021 0.783890249877511 0.08468844359044743 0.11778539931406162
0 0.21528273401043097 0.7976629103380695 0.032327751852868514 0.05562959333659967
3 0.036115838594564915 0.955499755022048 0.018907493823771614 0.02809897109260162
1 0.5646856986000549 0.8322146006859382 0.04492451276420528 0.02718275355218025
0 0.2004721383475158 0.9681210191082803 0.0237716167993412 0.05134247917687407
0 0.23626818556135054 0.629485546300833 0.02077683228108701 0.04593826555610003
0 0.183266538567115 0.8626457618814307 0.035728794949217685 0.05815776580107801
1 0.6598627504803734 0.9771827535521803 0.05084820203129281 0.045301322880940686
3 0.03228932198737304 0.9047525722684958 0.018298105956629153 0.03055365017148448
0 0.3566799341202306 0.6236942675159236 0.012465001372495177 0.03742283194512497
1 0.29146170738402416 0.9296153846153846 0.23096623661817184 0.06795198432141114
