0 0.425927397260274 0.642279843444227 0.03808493150684933 0.06213307240704502
0 0.04581780821917808 0.7406360078277887 0.0910986301369863 0.07696673189823866
1 0.056268493150684926 0.9318542074363991 0.1106958904109589 0.023375733855185987
0 0.18018219178082193 0.6321844422700587 0.08228219178082191 0.06880136986301377
1 0.4270342465753425 0.9560298434442269 0.2762383561643836 0.08794031311154604
0 0.318954794520548 0.5429745596868885 0.005876712328767131 0.026819960861056646
0 0.1458972602739726 0.6721257338551859 0.041142465753424645 0.03439823874755388
0 0.3731575342465754 0.5837891389432486 0.02938904109589041 0.08396771037181983
0 0.2672013698630137 0.5595914872798434 0.011427397260273975 0.01691291585127197
1 0.2007534246575343 0.8805748532289628 0.3996657534246576 0.07463307240704509
