0 0.3040164383561644 0.6056139921722113 0.02285479452054795 0.021863992172211466
0 0.16449999999999998 0.9269153620352251 0.07475890410958905 0.136022504892368
1 0.36638904109589043 0.5885934442270058 0.17421917808219173 0.01077788649706457
1 0.27805205479452055 0.8593175146771037 0.5520054794520548 0.03947651663405094
0 0.41913013698630136 0.5479696673189823 0.01261095890410957 0.026477495107632087
0 0.43885753424657536 0.7396795499021527 0.004701369863013727 0.023507827788649682
0 0.43054657534246576 0.5640215264187867 0.0021123287671232505 0.006095890410958815
0 0.325372602739726 0.6641707436399218 0.03128219178082192 0.04566046966731896
0 0.3698890410958904 0.5522578277886496 0.026112328767123272 0.01077788649706457
0 0.36194794520547946 0.6044618395303327 0.018328767123287626 0.014843444227005897
1 0.1991219178082192 0.6930772994129158 0.09768493150684934 0.01603718199608606
3 0.2630410958904109 0.77720156555773 0.022191780821917806 0.023189823874755322
0 0.43167534246575345 0.5896135029354208 0.015684931506849298 0.04521526418786692
0 0.4300904109589041 0.5565337573385518 0.015358904109589011 0.015014677103718177
0 0.42075616438356167 0.6981164383561644 0.017397260273972648 0.0512133072407045
0 0.3332671232876712 0.5866658512720156 0.03292328767123287 0.014094911937377663
0 0.4287493150684931 0.6481580234833659 0.02115890410958904 0.04029843444226999
0 0.15862328767123288 0.714488747553816 0.025389041095890408 0.03358610567514686
0 0.19395068493150686 0.6763136007827788 0.036734246575342466 0.030122309197651798
