0 0.5228424657534246 0.814491193737769 0.06308219178082192 0.20920743639921724
2 0.41510958904109585 0.6065973581213308 0.07476712328767116 0.1385371819960861
0 0.4664191780821918 0.8977544031311155 0.03252054794520548 0.19801369863013696
0 0.39619315068493155 0.7240777886497065 0.013745205479452072 0.09562133072407042
0 0.33126438356164384 0.5826590019569471 0.050589041095890463 0.04292074363992171
0 0.33659041095890413 0.6149951076320939 0.042786301369863056 0.06633072407045015
0 0.17954657534246576 0.8664628180039139 0.1452904109589041 0.2451761252446183
0 0.4762150684931507 0.7469349315068492 0.04192602739726026 0.11901663405088059
0 0.29376027397260274 0.6867245596868885 0.047843835616438346 0.06296966731898246
0 0.4250904109589041 0.7074608610567514 0.012767123287671267 0.0682191780821918
0 0.24578082191780823 0.7353522504892368 0.013715068493150684 0.03148727984344424
0 0.43485616438356167 0.8386301369863014 0.015712328767123307 0.15953033268101768
