0 0.04606093878671425 0.8114796668299853 0.0921218775734285 0.09821656050955418
0 0.35772303046939335 0.5759431651151397 0.01678561625034314 0.031180793728564415
0 0.2259881965413121 0.6498432141107301 0.05216854241010155 0.04366487016168552
0 0.3233612407356574 0.6250857422831945 0.018394180620367795 0.02773150416462511
2 0.415920944276695 0.5443116119549241 0.035608015371946244 0.03440470357667813
0 0.4329906670326654 0.6809088682018618 0.03057644798243203 0.10243508084272412
0 0.3790694482569311 0.5473566878980892 0.009300027449903991 0.027942185203331693
2 0.2833790831732089 0.6036648701616854 0.06637386769146308 0.045340519353258224
0 0.42425199011803455 0.5740494855463009 0.014372769695306098 0.025071043606075483
0 0.19917513038704365 0.8488339049485547 0.1651578369475707 0.28715335619794213
0 0.46897749107878123 0.6950146986771191 0.02022783420258023 0.062131308182263645
0 0.44352456766401316 0.5944561489465948 0.0045731539939609656 0.0239049485546301
1 0.1022906944825693 0.8861954924056835 0.10867142465001373 0.041131798138167586
2 0.14672522646170738 0.7212126408623223 0.11576722481471315 0.0973983341499266
