0 0.41628904109589043 0.8908096868884541 0.02821095890410963 0.21494618395303322
0 0.259713698630137 0.778302348336595 0.013164383561643844 0.01679060665362031
0 0.5110328767123287 0.9164212328767123 0.017397260273972592 0.049535225048923714
0 0.1210068493150685 0.7426149706457925 0.10344383561643838 0.08648238747553816
1 0.26746849315068494 0.7875244618395303 0.5280219178082192 0.021819960861056642
0 0.4162890410958904 0.5423654598825831 0.009405479452054777 0.018468688845401204
0 0.06591095890410958 0.8601663405088062 0.13182191780821917 0.14525440313111548
0 0.2315054794520548 0.6540386497064579 0.11567397260273973 0.08899706457925627
0 0.4090013698630137 0.6611741682974559 0.02586027397260271 0.07472602739726031
0 0.332358904109589 0.6578155577299413 0.00705205479452059 0.01931017612524455
0 0.3017972602739726 0.7312818003913893 0.024920547945205485 0.08060665362035224
0 0.3633917808219178 0.8777959882583171 0.010816438356164304 0.03274461839530329
0 0.32718767123287673 0.5835053816046967 0.006112328767123365 0.015112524461839638
0 0.3072041095890411 0.6040777886497064 0.014106849315068504 0.015954011741682872
