0 0.4585041095890411 0.6833683953033267 0.023117808219178082 0.0804647749510764
0 0.1006082191780822 0.7658170254403132 0.2012164383561644 0.17249510763209386
1 0.27885068493150683 0.6175954011741682 0.07287945205479451 0.011893346379647673
0 0.36253972602739726 0.5888600782778866 0.009841095890410934 0.016868884540117368
0 0.5125767123287671 0.8533904109589041 0.04192602739726031 0.11405088062622315
0 0.3852424657534247 0.5590998043052838 0.006430136986301294 0.007964774951076281
0 0.5063082191780822 0.7844716242661448 0.04427671232876712 0.09515655577299409
0 0.4800547945205479 0.7620841487279844 0.02155068493150686 0.07416829745596865
0 0.5637109589041096 0.9149633072407045 0.06896164383561643 0.16582681017612533
1 0.3194 0.5969593933463797 0.07983013698630137 0.008889432485322923
0 0.549995890410959 0.9541462818003914 0.0360465753424658 0.0832632093933463
1 0.39049041095890413 0.5641364970645792 0.01063013698630133 0.002108610567514657
0 0.4759397260273972 0.716252446183953 0.009402739726027398 0.023091976516633972
