0 0.586342300301949 0.9424546790788828 0.04374691188580837 0.10663400293973535
0 0.4539006313477903 0.9449730524252817 0.018863573977491055 0.10663400293973546
0 0.4085067252264617 0.7459799118079373 0.027801262695580586 0.29135227829495347
0 0.21138210266264068 0.9386746692797647 0.05127367554213563 0.11586967172954432
2 0.09403925336261323 0.8110509554140127 0.18632720285479 0.21662420382165615
1 0.2996307987922042 0.876124448799608 0.20885808399670602 0.04449779519843211
0 0.20293713972001098 0.8081210191082802 0.03250068624759811 0.041131798138167475
0 0.4332020312928905 0.7988780009799118 0.016983255558605526 0.08312591866731989
2 0.2737304419434532 0.7128270455658992 0.11199560801537195 0.15951004409603142
0 0.07287125995059017 0.968483586477217 0.04708756519352183 0.054576188143067084
0 0.49788361240735657 0.7380034296913278 0.015569585506450767 0.04869671729544345
0 0.24551056821301126 0.8324620284174424 0.04238539665111171 0.057937285644292014
0 0.3892204227285205 0.7699118079372856 0.012747735382926173 0.0722097011268985
1 0.49012215207246773 0.8773836354728075 0.15339829810595662 0.03694267515923577
