0 0.31812928904748833 0.7484566389024987 0.028654954707658553 0.053875551200392
0 0.13616524842163052 0.7241499265066145 0.26860279989020036 0.23593336599706027
0 0.39015234696678563 0.6559137677609015 0.00818830634092782 0.023890249877511094
0 0.30852456766401315 0.7138241058304753 0.014150425473510808 0.04617834394904452
0 0.42708756519352187 0.8937579617834395 0.04520450178424379 0.20738853503184718
0 0.2949039253362613 0.9403503184713375 0.012278342025802913 0.11587947084762373
0 0.34330634092780676 0.6816291033806957 0.010230579192972822 0.028343949044586036
0 0.3911844633543783 0.7263694267515923 0.014293164973922579 0.057089661930426194
0 0.2662077957727148 0.8891376776090152 0.035797419709031025 0.09068103870651645
0 0.4185204501784244 0.7154385105340519 0.03493274773538291 0.19800097991180787
