2 0.39601701894043373 0.6141597256246938 0.02634092780675268 0.12174424301812836
1 0.3913354378259676 0.7720088192062715 0.061199560801537156 0.03274865262126403
0 0.28690502333241835 0.7153331700146988 0.08660170189404337 0.15784909358157762
1 0.36407631073291247 0.8576506614404704 0.06115289596486412 0.07640862322390995
1 0.22363711227010707 0.7363253307202352 0.07860554488059293 0.04366487016168552
0 0.3711089761185836 0.5490886820186183 0.02262421081526217 0.05541401273885349
0 0.11026900905846829 0.7648726114649682 0.16986549547076585 0.17800587947084756
2 0.29090447433433986 0.5881283684468398 0.03720834477079332 0.04785889269965704
2 0.3327710678012627 0.5906491915727585 0.05037880867416966 0.0696864282214601
2 0.37628328300850944 0.7090372366487017 0.032972824595113914 0.0982410583047526
0 0.23539665111172112 0.6452253797158256 0.07390063134779029 0.07304752572268502
