0 0.37560115289596485 0.6187775600195983 0.05691737578918471 0.025188633023027984
0 0.31771754048860834 0.6574007839294463 0.049440021959923086 0.11586967172954443
0 0.4085053527312654 0.6502621264086232 0.021216030743892333 0.051215090641842265
0 0.10039116113093603 0.7757888290053896 0.14352182267362062 0.13434100930916226
0 0.45484079055723303 0.9369965703086722 0.05461158385945647 0.11418912297893191
0 0.21234696678561626 0.7153356197942184 0.022157562448531454 0.031905928466437916
0 0.278204776283283 0.6108010779029888 0.017452648915728786 0.017633512983831423
0 0.3602895964864123 0.576374326310632 0.03485863299478453 0.05793238608525231
0 0.2699711776008784 0.6821705046545811 0.07719187482843809 0.09823615874571279
0 0.3209099643151249 0.5708990690837825 0.028781224265715055 0.029157275845173913
0 0.32874965687620095 0.662437530622244 0.029165522920669762 0.06045565899069083
2 0.3989843535547626 0.5741058304752572 0.02289870985451553 0.036736893679568894
