0 0.10274361789733735 0.7694904458598726 0.021216030743892403 0.04449779519843222
0 0.3981567389514137 0.697283194512494 0.014628053801811758 0.06464968152866246
0 0.43534175130387043 0.9130671239588437 0.011759538841614015 0.05625673689367949
0 0.4198202031292891 0.6956026457618815 0.02304968432610488 0.09991670749632542
0 0.3902731265440571 0.5930989710926017 0.004855888004391962 0.02577658010779027
0 0.38620093329673344 0.608219010289074 0.011677189129838006 0.02648211660950528
0 0.4590982706560527 0.9642846643802059 0.02069997255009609 0.057937285644292014
0 0.4066950315673895 0.5481381675649192 0.004814713148503957 0.012885840274375449
0 0.3934765303321438 0.8694071533561979 0.02587153444962942 0.25609015188633033
0 0.4020944276695031 0.5271460068593827 0.004386494647268757 0.012302792748652647
0 0.397937139720011 0.5557545320921118 0.00876475432335988 0.033194512493875616
1 0.4139047488333791 0.623329250367467 0.014573153993961085 0.012185203331700145
0 0.14978314575898985 0.713655071043606 0.010864671973648099 0.023508084272415575
0 0.014072193247323632 0.8652082312591867 0.02685973099094153 0.04366487016168552
0 0.41431375240186663 0.5784737873591377 0.013365358221246237 0.036947574718275256
