0 0.4479838045566841 0.6307128858402744 0.014155915454295898 0.020896619304262565
0 0.228081251715619 0.665796178343949 0.04327751852868514 0.04366487016168552
0 0.395035684875103 0.6226972072513474 0.01551743068899264 0.03789808917197446
0 0.18833241833653583 0.8572341989220971 0.0352813615152347 0.07052915237628599
0 0.39054350809772165 0.5823664870161686 0.009256107603623331 0.01555120039196467
2 0.4517018940433708 0.8835619794218521 0.12025802909689814 0.2328760411562959
0 0.42664013175953885 0.6981234688878001 0.0385726049958825 0.1385399314061735
0 0.10603623387318145 0.7363253307202351 0.05320340378808676 0.06717295443410098
0 0.4029316497392259 0.5668177364037237 0.0078945923689267 0.026237138657520864
1 0.14792615975844084 0.7950979911807937 0.11995333516332694 0.047021068103870745
0 0.1109758440845457 0.9000514453699167 0.1072989294537469 0.18975502204801586
0 0.2201084271205051 0.8710852523272905 0.10541586604446887 0.23090151886330224
0 0.2570354103760637 0.6649559039686429 0.012747735382926173 0.03526212640862325
1 0.17821026626406808 0.6892626163645272 0.03811144660993687 0.015546300832925075
0 0.5496513862201482 0.8286844683978443 0.03433982981059569 0.0722048015678588
