0 0.4605188031841889 0.794171974522293 0.04830085094702169 0.09177364037236646
0 0.19485588800439202 0.8255512003919647 0.2376063683777107 0.332562469377756
1 0.400529783145759 0.8755120039196472 0.21656327202854786 0.04309652131308184
0 0.3938333790831732 0.6019132778049976 0.02402141092506177 0.04751102400783924
0 0.5458221246225639 0.9102964233219011 0.05531155640955243 0.17940715335619795
0 0.05463079879220423 0.8041156295933366 0.10906395827614604 0.04867221950024492
0 0.21959923140269008 0.7073983341499265 0.20988196541312104 0.19549240568348858
0 0.3892368926708757 0.8365850073493386 0.024150425473510817 0.08482116609505141
0 0.4394839418062037 0.6780671239588438 0.032720285479000855 0.21552670259676632
0 0.4807727147954982 0.9200122488975992 0.028045566840516067 0.15990690837824606
0 0.13610348613779852 0.7119941205291523 0.07335986824046119 0.07068103870651643
