1 0.37839967060115287 0.6796496815286623 0.16516058193796318 0.024345908868201982
0 0.16107191874828436 0.6863669769720726 0.037208344770793295 0.039465948064674294
0 0.31194208070271756 0.5485080842724155 0.009802360691737622 0.06997060264576205
0 0.3899478451825419 0.6762910338069574 0.02069722755970349 0.08144047035766777
2 0.3246774636288773 0.547062714355708 0.014383749656876221 0.05658500734933858
2 0.2967842437551469 0.6385080842724156 0.05555586055448808 0.10831455169034776
0 0.21023057919297283 0.6212959333659971 0.07060664287674995 0.08228809407153348
0 0.47979687071095256 0.7300293973542381 0.03292890474883342 0.07976482116609507
2 0.37771891298380456 0.5998848603625673 0.032928904748833365 0.07472317491425773
0 0.2730688992588526 0.5435546300832925 0.00653307713423007 0.025071043606075483
0 0.4077998902003843 0.8030744732974032 0.04887455393906126 0.17716315531602156
0 0.08178698874553939 0.8118912297893189 0.1580565468020862 0.18975992160705535
0 0.1396692286576997 0.687626163645272 0.038619269832555564 0.043659970602645704
2 0.35636975020587425 0.5453037726604606 0.0209085918199286 0.028569328760411516
