0 0.4590982706560527 0.8131504164625183 0.03857534998627504 0.16037236648701614
0 0.43141641504254735 0.5805193532582067 0.007735382926159773 0.026722195002449767
0 0.41555723304968434 0.6754507594316511 0.048490255284106554 0.14525722684958353
0 0.406388965138622 0.895014698677119 0.013217128740049378 0.04869671729544345
0 0.44401592094427667 0.9260975012248898 0.040488608289871 0.14780499755022047
0 0.4203362613230853 0.5822219500244977 0.01088937688718089 0.03725134737873592
0 0.5009634916277793 0.9382557569818717 0.020697227559703546 0.12174424301812847
0 0.3936851496019764 0.8114723174914258 0.018772989294537468 0.13182263596276322
0 0.4437867142465001 0.7023199412052915 0.00898435355476257 0.03274375306222432
0 0.41519077683228106 0.5509921607055366 0.009975295086467217 0.007266046055855013
