0 0.43816497392259124 0.7380034296913278 0.028693384573154013 0.05373346398824097
0 0.16791655229206698 0.709875061244488 0.04327751852868514 0.03610485056344925
0 0.34827889102388143 0.6235448309652132 0.007263244578643968 0.018838804507594342
0 0.3181485039802361 0.6032018618324351 0.022539116113093616 0.04023027927486533
0 0.5044921767773813 0.878642822146007 0.09266813066154278 0.2409701126898579
1 0.353328300850947 0.5837579617834394 0.05734559429042002 0.015747182753552136
1 0.22271891298380456 0.681330230279275 0.06914905297831458 0.019309162175404126
0 0.40050782322261874 0.6048162665360117 0.005715069997255018 0.028182263596276402
0 0.36567938512215203 0.6276923076923077 0.014372769695306042 0.07288584027437528
0 0.4139994510019215 0.879421852033317 0.02810870161954432 0.24115629593336607
1 0.24595525665660173 0.6352694757471826 0.022539116113093588 0.012243998040176396
2 0.41157699698051053 0.6571362077413033 0.07154268460060392 0.10262126408623229
0 0.21410513313203405 0.6556785889269965 0.0431210540763107 0.0355707986281234
0 0.31432884984902554 0.5756026457618815 0.030419983530057593 0.022493875551200415
1 0.4537167169914905 0.6638412542871142 0.031034861377985223 0.020411562959333773
0 0.5320120779577271 0.8513547280744733 0.04609936865220965 0.06045565899069083
0 0.40653719461981885 0.5691009309162176 0.005745264891572899 0.018466438020578124
0 0.4208646719736481 0.5921068103870651 0.0031512489706286284 0.008995590396864372
0 0.31748284381004666 0.9319598236158746 0.023568487510293668 0.13098481136697693
0 0.3047817732637936 0.7888020578147967 0.04802635190776827 0.23593826555609987
0 0.41010705462530883 0.7273958843704067 0.011106231128191035 0.03906418422341995
0 0.4659676091133681 0.7387677609015189 0.027438923963766126 0.054811366976971976
0 0.2635945649190228 0.6262322390984811 0.016006038978863546 0.019823615874571265
0 0.5023853966511117 0.7740568348848604 0.08465001372495196 0.14115629593336598
0 0.17897200109799616 0.8421190592846644 0.21215207246774637 0.3089808917197452
0 0.41443315948394177 0.6045712885840275 0.00465550370573703 0.024292013718765326
0 0.38013313203403787 0.6094316511513963 0.012821850123524603 0.030122488975992123
0 0.39589349437276966 0.5734664380205781 0.008822399121603042 0.014341009309162156
0 0.2631498764754323 0.8295247427731505 0.013689267087565182 0.05541401273885349
