0 0.11732500686247599 0.8353993140617345 0.23383749656876202 0.19143557079862816
1 0.23118583584957453 0.8202792748652621 0.1679330222344221 0.033601175894169555
0 0.406388965138622 0.6238143067123959 0.02827065605270379 0.0705291523762861
1 0.24366181718363986 0.8815801077902989 0.4873236343672797 0.23341989220970116
0 0.3111323085369201 0.6914037236648702 0.13317320889376888 0.18556099951004412
0 0.43487235794674717 0.6947648211660951 0.02399121603074389 0.13182263596276333
0 0.4680359593741422 0.7040004899559039 0.022577545978589075 0.06297403233708976
0 0.5460993686522098 0.9080279274865262 0.07060664287675 0.17716315531602156
0 0.4261693659072193 0.8614306712395884 0.016933845731539943 0.041979421852033294
0 0.23069311007411475 0.6960215580597746 0.21502333241833652 0.23677609015188628
0 0.5070793302223442 0.9298579127878491 0.04139445511940709 0.1385399314061735
0 0.3372385396651112 0.82828025477707 0.11482843810046667 0.34343949044585986
