0 0.3115015097447159 0.6548628123468887 0.026165248421630483 0.03498775110240082
0 0.09989843535547625 0.797123958843704 0.1997968707109525 0.17723664870161682
0 0.38157150699972553 0.5367883390494854 0.009505901729343957 0.012243998040176396
0 0.2788333790831732 0.7111293483586477 0.022245402141092496 0.03789808917197446
0 0.30398847104035137 0.6184198922097011 0.022245402141092496 0.03090151886330228
1 0.41064644523744165 0.7480793728564429 0.11572055997804004 0.02183243508084276
0 0.35625583310458414 0.5848922097011269 0.02877847927532251 0.046648701616854416
1 0.11812791655229206 0.9615654091131798 0.22017567938512214 0.039642332190102936
0 0.2515564095525666 0.6825575698187163 0.05916003293988473 0.03323860852523264
0 0.12830222344221795 0.9808966193042625 0.024696678561625038 0.03820676139147483
