0 0.1677945205479452 0.8874021526418787 0.022547945205479453 0.046037181996086196
0 0.4299219178082192 0.8702495107632093 0.012227397260273942 0.12848336594911924
1 0.40747808219178083 0.5772847358121331 0.02441917808219174 0.003512720156555682
0 0.2765095890410959 0.581616927592955 0.05330410958904111 0.03711839530332672
0 0.10166849315068494 0.743087084148728 0.04574794520547944 0.058307240704500995
0 0.26752739726027397 0.6204843444227006 0.0911534246575342 0.07628180039138954
0 0.20795342465753425 0.7885640900195695 0.08525479452054793 0.1387720156555774
1 0.3914876712328767 0.5351541095890411 0.01063013698630133 0.006560665362035145
3 0.4812643835616438 0.7657583170254403 0.03210684931506852 0.01605675146771035
0 0.3958054794520548 0.5776345401174168 0.012860273972602754 0.020621330724070464
1 0.12453424657534247 0.815662915851272 0.0785205479452055 0.015954011741682983
0 0.3893835616438356 0.5594031311154599 0.012191780821917797 0.013825831702544034
0 0.40533424657534245 0.608747553816047 0.016252054794520576 0.01551859099804298
1 0.23241232876712328 0.7059613502935421 0.26235342465753425 0.008889432485322812
0 0.37106164383561646 0.6445352250489236 0.01959178082191787 0.08940313111545983
0 0.37468356164383565 0.5843175146771037 0.015306849315068483 0.0398189823874755
1 0.18377397260273975 0.6660689823874755 0.07346575342465753 0.012548923679060686
0 0.4101767123287671 0.778302348336595 0.01786575342465757 0.05205479452054784
1 0.259886301369863 0.7392906066536203 0.06171232876712329 0.01456947162426614
1 0.3207835616438356 0.7984711350293543 0.3820328767123288 0.03383072407045018
1 0.07425753424657533 0.7789579256360079 0.07575342465753424 0.01222113502935418
1 0.14686712328767124 0.7720156555772995 0.06582739726027398 0.017612524461839585
