0 0.4231575342465753 0.5767049902152641 0.00861643835616438 0.017411937377690756
0 0.4100041095890411 0.590878180039139 0.004989041095890379 0.014173189823874832
0 0.41747945205479453 0.7054060665362035 0.013320547945205485 0.025890410958903987
0 0.41865342465753425 0.6266046966731897 0.027482191780821896 0.034011741682974495
0 0.3722041095890411 0.7543860078277886 0.03099452054794516 0.07766634050880628
1 0.43976027397260276 0.6503962818003914 0.055547945205479454 0.014491193737769081
0 0.4294986301369863 0.5542318982387475 0.00905753424657535 0.034011741682974606
0 0.387113698630137 0.6864456947162427 0.010189041095890417 0.03358610567514686
0 0.45836986301369864 0.8899706457925636 0.09638904109589036 0.21326810176125244
1 0.4012150684931507 0.6983023483365949 0.018895890410958904 0.01045988258317021
0 0.4210013698630137 0.6070743639921722 0.009750684931506881 0.02227005870841481
0 0.3520246575342466 0.8775318003913894 0.12072328767123292 0.23439823874755394
0 0.4151027397260274 0.6713062622309197 0.022863013698630086 0.025303326810176108
1 0.3441493150684931 0.6466756360078278 0.13227123287671233 0.02260763209393346
0 0.562286301369863 0.8740288649706458 0.040901369863013626 0.11752935420743638
0 0.45565890410958904 0.7424926614481409 0.023673972602739735 0.05685420743639924
0 0.4385164383561644 0.6846722113502935 0.03238082191780822 0.04713307240704512
0 0.4292342465753425 0.8128106653620353 0.028994520547945213 0.17072896281800387
