0 0.19541312105407632 0.9302792748652622 0.07672248147131486 0.1276237138657521
0 0.44482569311007414 0.8119892209701127 0.01807301674444145 0.11824595786379233
2 0.47234833928081255 0.6661366976972073 0.04709580016469944 0.13556589906908378
2 0.2010430963491628 0.7220725134737873 0.13313203403788088 0.08059774620284166
0 0.4944194345319791 0.8161807937285644 0.03729343947296182 0.1490200881920627
0 0.03288772989294537 0.8782214600685938 0.06496294262970079 0.06381185693287605
0 0.5582349711776009 0.83984321411073 0.034301399945100286 0.09814796668299852
0 0.5497447158934944 0.917687408133268 0.03151797968707104 0.09571778539931408
0 0.3908660444688443 0.9277609015188633 0.06308262421081529 0.11755022048015684
0 0.30804282185012355 0.8996325330720235 0.03480647817732635 0.185546300832925
0 0.5299245127642054 0.7518961293483586 0.014155915454295953 0.04178343949044583
1 0.40733049684326106 0.7648726114649682 0.0818967883612407 0.03358647721705055
0 0.12085369201207795 0.8186109750122488 0.037677738127916555 0.03862322390984818
