0 0.11583561643835616 0.9273361056751468 0.09121643835616439 0.1435763209393346
0 0.306513698630137 0.5832656555772995 0.010775342465753457 0.018077299412915804
0 0.18307808219178082 0.6775464774951077 0.014117808219178074 0.03190313111545995
0 0.24772465753424658 0.6557167318982386 0.03620547945205482 0.05037671232876717
0 0.2155164383561644 0.736318493150685 0.02068767123287671 0.036942270058708426
0 0.1492191780821918 0.6641120352250489 0.04984109589041097 0.04702054794520538
1 0.2861054794520548 0.5928840508806262 0.033958904109589017 0.009329745596869055
0 0.16755616438356163 0.7820792563600782 0.03949589041095891 0.05793542074364
0 0.14545753424657534 0.8366560665362035 0.027271232876712348 0.04113992172211356
1 0.2644246575342466 0.6141585127201565 0.053221917808219193 0.01050880626223094
