0 0.4292821850123525 0.5836305732484076 0.007622838320065883 0.014091131798138257
1 0.3724910787812243 0.5207863792258697 0.030208619269832537 0.020622243998040135
0 0.18421218775734283 0.6801273885350319 0.05800988196541315 0.06705536501714837
0 0.28549547076585235 0.812312591866732 0.03767773812791658 0.07976482116609507
0 0.4054625308811419 0.5617638412542871 0.01497117760087835 0.04421362077413038
0 0.39076173483392806 0.5926188143067124 0.015517430688992584 0.03595786379225874
2 0.25977902827340105 0.6085815776580108 0.0884957452648916 0.09353748162665354
0 0.07924650013724953 0.7841842234198921 0.14817732637935768 0.1393826555609995
0 0.1561570134504529 0.9082263596276334 0.16849849025528413 0.17676629103380692
1 0.34196815811144665 0.5392993630573248 0.03164973922591269 0.015463008329250405
0 0.3296280538018117 0.5656614404703577 0.010911336810321193 0.012890739833415155
0 0.3107233049684326 0.5595688388045077 0.014320614877847915 0.014767270945614919
0 0.0717046390337634 0.7409431651151397 0.1434092780675268 0.13349828515433615
2 0.4797954982157563 0.7971974522292994 0.14864946472687346 0.3937873591376777
