0 0.45813561643835615 0.8794765166340509 0.031032876712328794 0.16037181996086103
0 0.32906712328767124 0.6997945205479452 0.042786301369863056 0.04954011741682973
0 0.46377808219178085 0.9743542074363992 0.01786849315068495 0.04954011741682973
0 0.3760876712328767 0.6154134050880626 0.03526575342465754 0.12258806262230926
0 0.3643328767123287 0.7934148727984345 0.045608219178082166 0.18471624266144815
0 0.3954917808219178 0.5486301369863014 0.00947123287671231 0.016908023483366064
0 0.41034794520547946 0.5398825831702544 0.003917808219178143 0.018072407045009786
0 0.5667972602739726 0.7760347358121331 0.02774246575342465 0.029388454011741616
0 0.6488027397260274 0.9378326810176125 0.09261917808219178 0.11754403131115465
0 0.6067164383561644 0.8463111545988258 0.0432575342465753 0.05038160469667319
