0 0.42639726027397257 0.6800636007827789 0.017397260273972592 0.0654892367906067
1 0.08198082191780823 0.8740190802348337 0.1608054794520548 0.020151663405088005
0 0.460486301369863 0.8135665362035225 0.04795890410958903 0.18975538160469663
0 0.43250958904109593 0.9823312133072407 0.0098739726027397 0.02854696673189827
0 0.20775890410958903 0.871920254403131 0.03996712328767124 0.07304794520547941
0 0.40617945205479455 0.6527764187866927 0.013635616438356146 0.027705479452054704
0 0.4052397260273972 0.8610029354207436 0.0230383561643836 0.24769080234833651
0 0.14005068493150685 0.9155821917808219 0.09544931506849315 0.16372798434442282
1 0.5183205479452054 0.9579818982387476 0.06770958904109586 0.05037671232876706
0 0.3878424657534246 0.6044985322896281 0.015515068493150708 0.06045499021526435
1 0.3050876712328767 0.8916511741682974 0.18854794520547946 0.02686399217221136
0 0.3079095890410959 0.6918199608610568 0.03150136986301366 0.04534246575342471
1 0.5211424657534247 0.8941707436399218 0.03949589041095891 0.04533757338551869
0 0.2665315068493151 0.6057583170254404 0.017397260273972592 0.017632093933463766
0 0.345054794520548 0.8236399217221135 0.023978082191780825 0.10243639921722114
1 0.4945753424657534 0.8093688845401175 0.05407123287671234 0.030225048923679054
0 0.02062054794520548 0.8034907045009785 0.031504109589041096 0.036942270058708426
0 0.09984657534246576 0.7615117416829745 0.032909589041095894 0.0352544031311155
0 0.23103287671232875 0.6326247553816047 0.03385205479452055 0.03610078277886497
0 0.28345890410958907 0.6758683953033269 0.030561643835616437 0.05541585127201565
0 0.31966438356164384 0.6141536203522504 0.02115890410958904 0.0293835616438356
0 0.23808630136986303 0.916841976516634 0.05360273972602739 0.16120841487279847
0 0.3582191780821918 0.6981164383561643 0.017397260273972592 0.08480430528375726
0 0.44050410958904107 0.678385518590998 0.0192767123287671 0.0486986301369865
1 0.07492876712328765 0.8236399217221135 0.1485808219178082 0.03526418786692753
1 0.44873287671232875 0.9563038160469668 0.07052876712328765 0.03358610567514686
0 0.40829589041095893 0.6909784735812133 0.01786849315068495 0.04030332681017601
0 0.3062630136986301 0.7476541095890412 0.025391780821917842 0.04113992172211345
1 0.06027397260273973 0.941181506849315 0.12054794520547946 0.0251712328767123
