1 0.2801043096349163 0.6922586967172955 0.28345868789459233 0.03243508084272417
0 0.3607082075212737 0.5981577658010779 0.004628053801811638 0.016031357177853978
0 0.3748641229755696 0.5981577658010779 0.0274938237716168 0.024781969622734046
0 0.3248723579467472 0.570360117589417 0.007438923963766109 0.007226849583537476
0 0.34790145484490803 0.5823689367956884 0.028116936590721897 0.012890739833414933
0 0.3367320889376887 0.6085840274375306 0.04365358221246224 0.011807937285644332
0 0.27969118858083997 0.5690886820186183 0.022099917650288292 0.021087702106810435
3 0.2693302223442218 0.6641719745222929 0.024693933571232507 0.021327780499755034
0 0.40848476530332145 0.6601102400783929 0.03212187757342849 0.038868201861832485
0 0.3773140269009059 0.6324154826065654 0.025317046390337605 0.04470357667809899
0 0.2867444413944551 0.6765213130818226 0.005687620093329682 0.011807937285644332
0 0.377083447707933 0.7245908868201862 0.013908866318967872 0.03401273885350309
0 0.28565605270381556 0.6078172464478198 0.01719736480922318 0.016634002939735493
0 0.3369063958276146 0.5732900538951495 0.008970628602799902 0.004100930916217549
0 0.31235245676640133 0.6062248897599216 0.003623387318144433 0.013498285154336043
2 0.4444180620367829 0.6812469377756001 0.04028822399121601 0.04324840764331206
0 0.2534573153993961 0.6043655071043605 0.011202305791929684 0.017432631063204362
0 0.3538210266264068 0.7204703576678099 0.010584682953609648 0.035688388045076014
0 0.25598545155091956 0.6202547770700637 0.004570409003568476 0.009279764821166214
0 0.1982349711776009 0.9306981871631552 0.04849849025528408 0.07304752572268491
2 0.10673208893768871 0.7119132778049976 0.06601427395004117 0.03725134737873592
0 0.2517403239088663 0.5874963253307203 0.006318967883612386 0.012934835864772065
