0 0.5019050233324184 0.831624203821656 0.04609936865220976 0.08312101910828029
0 0.403122426571507 0.663265556099951 0.07432061487784797 0.1108525232729054
0 0.31374828438100466 0.6456442920137188 0.01410101564644528 0.07724644781969614
0 0.1234408454570409 0.7081994120529151 0.12940708207521273 0.10495345418912294
0 0.29840790557233055 0.6691548260656541 0.013642602250892144 0.03862322390984818
0 0.31089623936316224 0.7438804507594317 0.013217128740049433 0.04534051935325811
0 0.16248421630524293 0.6418667319941205 0.04473785341751302 0.04114649681528659
0 0.29701894043370847 0.7119745222929936 0.01745264891572873 0.06381185693287605
0 0.2744400219599231 0.6490029397354238 0.05414493549272578 0.10243508084272424
0 0.44084545704090033 0.9343459088682018 0.04227285204501785 0.12248897599216069
0 0.21632171287400495 0.6846864282214601 0.046099368652209705 0.02770700636942669
0 0.03970903101839144 0.8366609505144538 0.07107878122426572 0.09824105830475272
0 0.3338045566840516 0.7988731014208721 0.031485039802360726 0.4022537971582557
