2 0.321975020587428 0.7711709946104851 0.08796321712874006 0.06129348358647713
0 0.4126228383200659 0.5582459578637922 0.01208619269832556 0.011660950514453705
0 0.5221314850398024 0.8702449779519843 0.05738951413670057 0.22082312591866726
0 0.25957589898435357 0.6285080842724154 0.06206697776557782 0.06005389514943649
0 0.4042917924787263 0.6223836354728074 0.018948668679659608 0.06414012738853503
0 0.21705188031841888 0.9554703576678099 0.04567664013175954 0.06549240568348857
0 0.4372001097996157 0.5872905438510534 0.02403513587702444 0.13014208721215104
2 0.12838045566840517 0.7762077413032827 0.21078781224265716 0.21914747672709467
2 0.43123799066703267 0.7329985301322881 0.10925061762283828 0.15575698187163156
0 0.38763107329124347 0.5527070063694267 0.015026077408729077 0.021572758451739338
