0 0.0740488608289871 0.9034125428711417 0.14258029096898162 0.17968152866242038
1 0.4177024430414494 0.7736036256736893 0.0493933571232501 0.028549730524252803
1 0.2650329398847104 0.6998015678588927 0.046618171836398575 0.010911317981381674
0 0.30078232226187207 0.7454777070063694 0.018863573977491 0.07808917197452236
2 0.4884422179522372 0.8619500244977951 0.12346692286576993 0.23579617834394906
1 0.1780318418885534 0.708625673689368 0.12183914356299753 0.015095541401273893
2 0.4362832830085095 0.6003062224399804 0.034339829810595746 0.09236158745712886
2 0.3633763381828164 0.6056516413522783 0.05001372495196266 0.045482606565409145
0 0.22977491078781226 0.6594977951984322 0.09549272577545978 0.07304752572268491
0 0.08983804556684051 0.7867050465458109 0.17967609113368102 0.13434100930916215
0 0.28337771067801265 0.6532018618324351 0.07954707658523191 0.0839637432631063
0 0.20834477079330221 0.7396815286624204 0.07060115289596489 0.083968642822146
