0 0.43930002744990393 0.5670112689857914 0.023409278067526795 0.018461538461538418
0 0.45369063958276146 0.6662150906418423 0.009884710403513575 0.03778049975502196
0 0.3565426846006039 0.6253209211170995 0.020688992588525912 0.02818226359627629
0 0.4503925336261323 0.6006442920137188 0.004309634916277838 0.014977951984321392
0 0.41915454295909965 0.6039392454679079 0.00598956903650838 0.009720725134737762
0 0.49673071644249245 0.860171484566389 0.015992314026900933 0.05625673689367949
1 0.46584820203129285 0.7207937285644292 0.03485863299478448 0.015952964233219125
0 0.4493617897337359 0.7877045565899069 0.05170189404337089 0.4229250367466928
1 0.38846692286577 0.7165948064674179 0.08895141367005216 0.020989710926016536
0 0.364547076585232 0.5909186673199411 0.040288223991216066 0.03449779519843221
