2 0.1648311830908592 0.8731847133757962 0.17173757891847377 0.21998040176384126
1 0.2786878945923689 0.620578147966683 0.033648092231677196 0.015159235668789739
0 0.24781773263793577 0.6555634492895639 0.02221246225638207 0.060641842234199106
1 0.3290076859730991 0.9239833414992651 0.05978863573977489 0.034424301812836844
1 0.27796870710952515 0.8731847133757962 0.031095251166620874 0.023508084272415464
0 0.16342163052429315 0.6134394904458599 0.027222069722755954 0.05061244487996075
0 0.2963134779028273 0.9428735913767761 0.018863573977491055 0.08732484076433122
0 0.5430414493549273 0.9155854973052426 0.07851221520724683 0.15868691817736413
2 0.30007685973099096 0.7661317981381676 0.0960087839692561 0.15869181773640362
0 0.22968707109525116 0.6197035766780989 0.014702168542410077 0.026237138657520864
1 0.35866044468844355 0.710093091621754 0.046939335712325 0.011170994610484986
0 0.2997570683502607 0.6424448799608036 0.0352813615152347 0.09970602645761883
1 0.19799890200384299 0.6147476727094562 0.04736755421356026 0.010494855463008435
1 0.037839692561076034 0.878642822146007 0.07567938512215207 0.0713669769720725
0 0.19075898984353554 0.5921827535521802 0.022456766401317607 0.028343949044585925
0 0.16749519626681306 0.6211342479176873 0.010005489980785043 0.010930916217540498
0 0.2081265440570958 0.723782459578638 0.023192423826516623 0.053640372366487
1 0.35600054899807854 0.783187163155316 0.03811144660993687 0.007775600195982446
