0 0.34709442766950316 0.6393459088682019 0.022577545978589075 0.036104850563449364
0 0.4148613779851771 0.6905707986281235 0.024518254186110366 0.14526702596766283
0 0.43357123250068624 0.8667319941205291 0.021301125446060887 0.26065654091131796
2 0.11954433159483942 0.8287604115629593 0.23524567664013177 0.3072023517883391
0 0.3906299752950865 0.8093728564429201 0.052261872083447736 0.07052425281724639
0 0.438143013999451 0.677547770700637 0.013694757068350216 0.06548260656540916
0 0.29860005489980784 0.7810877021068103 0.04545704090035685 0.12033317001469868
0 0.43085369201207796 0.5868716315531601 0.022618720834477024 0.0688535031847134
2 0.2633612407356574 0.6284296913277805 0.05362338731814434 0.10159235668789801
0 0.2309291792478726 0.9575673689367956 0.05367279714520998 0.08144536991670759
