2 0.3936986301369863 0.7707925636007829 0.1320547945205479 0.13062622309197647
3 0.22336438356164384 0.8552690802348337 0.020679452054794517 0.02380626223091975
3 0.22649452054794522 0.9730993150684931 0.019865753424657517 0.022353228962817884
2 0.25924520547945207 0.6733463796477495 0.15234246575342464 0.10075342465753434
0 0.4908178082191781 0.8269985322896282 0.023405479452054845 0.11469178082191767
0 0.3634232876712329 0.5947113502935422 0.006424657534246592 0.02091976516634053
3 0.15284520547945207 0.97404843444227 0.0145123287671233 0.023889432485322826
2 0.17564383561643834 0.860371819960861 0.33693150684931505 0.273385518590998
3 0.18688904109589044 0.9174633072407045 0.019619178082191796 0.024779843444227012
0 0.38662876712328764 0.5199094911937379 0.006353424657534246 0.010738747553815986
3 0.3268876712328767 0.6058488258317025 0.01063013698630133 0.0053864970645792765
