0 0.3476876712328767 0.5823899217221136 0.0127342465753425 0.0157387475538161
0 0.4186397260273973 0.6359833659491194 0.003761643835616446 0.015949119373776854
0 0.42240136986301374 0.6842636986301369 0.010342465753424679 0.020151663405088116
0 0.4823506849315069 0.8542881604696673 0.0192767123287671 0.08983855185909984
0 0.42592739726027395 0.6582338551859099 0.007991780821917815 0.018473581213307222
0 0.41533424657534246 0.5633414872798435 0.013605479452054758 0.04664383561643848
0 0.4241767123287671 0.6095034246575343 0.0073452054794521104 0.010689823874755255
0 0.4165575342465753 0.5951687866927593 0.012243835616438381 0.01701076320939332
0 0.511972602739726 0.9600831702544032 0.02492054794520543 0.07976516634050879
0 0.4067616438356164 0.5985714285714285 0.004624657534246568 0.010205479452054855
