0 0.3830178082191781 0.5639065557729941 0.02449041095890414 0.04373287671232873
0 0.4101767123287671 0.8379231898238748 0.01598630136986301 0.08563111545988256
0 0.3906917808219178 0.6580724070450097 0.0091424657534247 0.01515655577299413
1 0.1910958904109589 0.8730430528375734 0.37616438356164383 0.09540117416829752
0 0.3927794520547945 0.8920694716242661 0.017865753424657516 0.21242661448140898
1 0.47435753424657534 0.8895523483365949 0.18760821917808218 0.03778375733855177
0 0.3926520547945206 0.6082216242661449 0.014367123287671257 0.01224559686888449
0 0.38220273972602736 0.6799388454011741 0.006531506849315083 0.018077299412915804
0 0.4053849315068493 0.6099706457925637 0.006528767123287649 0.03556751467710373
0 0.4115821917808219 0.7060909980430528 0.025383561643835595 0.1544911937377692
0 0.23244383561643833 0.6149951076320939 0.11378630136986298 0.09319960861056742
0 0.38337671232876713 0.7086179060665362 0.013164383561643789 0.033576320939334714
0 0.09114931506849315 0.7279231898238747 0.18008493150684932 0.136022504892368
