0 0.19115564095525667 0.7652915237628614 0.13124348064781777 0.12174424301812836
0 0.22716442492451278 0.6502645761881432 0.056497392259127116 0.03946104850563448
0 0.04391847378534175 0.9160044096031357 0.08138073016744442 0.12090641842234195
0 0.2998394180620368 0.8198677119059286 0.10118858083996707 0.35684468397844193
0 0.05734833928081252 0.8408598726114649 0.11106231128191052 0.06801077902988728
0 0.18129975295086465 0.6645369916707496 0.046618171836398575 0.052895639392454674
0 0.24151248970628603 0.5956859382655562 0.061668954158660444 0.054576188143067195
0 0.3501756793851222 0.8920749632533072 0.06449080428218501 0.1553307202351789
0 0.3823991216030744 0.9672219500244978 0.02732912434806478 0.06381185693287605
0 0.44286851496019763 0.6893042626163646 0.055037057370299236 0.08228319451249377
0 0.22998764754323361 0.7955169034786869 0.07060938786714249 0.1251053405193533
0 0.03850947021685424 0.7690715335619793 0.07150150974471589 0.06549240568348857
0 0.3407672248147131 0.6103797158255757 0.07295909964315123 0.04869671729544345
0 0.4480469393357124 0.9000538951494366 0.0550288223991216 0.19143557079862805
0 0.12083035959374144 0.783765311121999 0.04515783694757071 0.036104850563449364
0 0.10509470216854241 0.7266682998530132 0.08707109525116663 0.07976482116609496
3 0.5489225912709306 0.8530328270455658 0.12037606368377707 0.2283782459578637
0 0.1690694482569311 0.9361587457128859 0.04661542684600606 0.10411562959333664
