0 0.30654794520547946 0.6808708414872797 0.05256986301369859 0.05247553816046968
3 0.4918397260273973 0.5604941291585127 0.0051041095890410615 0.006751467710371717
0 0.48075068493150686 0.8407681017612525 0.010816438356164415 0.03359099804305277
0 0.37258493150684935 0.9751100782778865 0.02026575342465753 0.043664383561643816
2 0.2074849315068493 0.8761105675146771 0.2917643835616438 0.24777886497064583
3 0.31462602739726026 0.6413845401174169 0.047410958904109624 0.01889432485322895
0 0.5491657534246576 0.9451541095890411 0.038556164383561686 0.10969178082191777
3 0.4294821917808219 0.5857999021526419 0.020597260273972573 0.01214774951076314
2 0.46756301369863007 0.956908023483366 0.061641095890410946 0.08618395303326809
0 0.22899178082191782 0.7486472602739727 0.027468493150684947 0.021687866927592947
