0 0.48169914905297834 0.6329568838804507 0.03833653582212471 0.03968152866242036
0 0.4972399121603074 0.6031945124938756 0.01088937688718089 0.027937285644292098
1 0.356594839418062 0.6098775110240078 0.13202031292890476 0.01781479666829988
0 0.4807919297282459 0.600563449289564 0.021550919571781513 0.03562959333659954
0 0.5232130112544606 0.6282998530132288 0.0229124348064782 0.07248407643312094
0 0.5248572604995883 0.5613547280744733 0.01764754323359874 0.029225869671729465
0 0.5494166895415866 0.9197844194022538 0.05268460060389779 0.14693777560019605
1 0.306471314850398 0.6236109750122489 0.11992039527861653 0.02448799608035268
0 0.27216991490529785 0.627983831455169 0.021918748284381007 0.0239049485546301
0 0.5386398572604996 0.5239465948064674 0.013392808125171629 0.011812836844684038
0 0.5344372769695307 0.5385105340519354 0.008105956629151811 0.00898579127878485
