3 0.0347970297029703 0.8049336609336609 0.023955445544554456 0.025621621621621626
3 0.1452908415841584 0.6661941031941032 0.03276980198019799 0.048122850122850114
3 0.07603465346534653 0.7571253071253071 0.02017821782178217 0.026250614250614257
1 0.2973391089108911 0.5862309582309582 0.06269801980198025 0.006250614250614239
0 0.40773638613861385 0.7150589680589681 0.06210148514851488 0.16288452088452088
0 0.48090965346534653 0.8558083538083538 0.048413366336633734 0.11879115479115476
0 0.349440594059406 0.5387051597051598 0.006019801980198081 0.040624078624078463
0 0.31390222772277226 0.8554471744471743 0.02039851485148514 0.08009336609336615
0 0.36434282178217825 0.598012285012285 0.022665841584158408 0.07061916461916473
3 0.10436757425742574 0.7196289926289927 0.023957920792079215 0.029999999999999916
1 0.2979950495049505 0.5971695331695333 0.05561386138613866 0.008334152334152356
0 0.3252339108910891 0.6556633906633907 0.01042821782178216 0.027896805896805876
