2 0.3920739726027397 0.6431213307240704 0.016454794520547933 0.026868884540117488
0 0.28745616438356164 0.5805675146771037 0.013164383561643844 0.0142759295499022
0 0.2660616438356165 0.6011399217221135 0.01645753424657531 0.0235127201565557
0 0.3861972602739726 0.5608365949119374 0.024449315068493127 0.04030332681017601
2 0.13017534246575344 0.9160004892367906 0.16315616438356165 0.16289138943248538
1 0.28416438356164386 0.6603351272015656 0.20876712328767125 0.022676125244618484
0 0.3234260273972603 0.6158317025440313 0.01175616438356164 0.022671232876712466
0 0.2333835616438356 0.7636081213307242 0.08369315068493152 0.13518101761252443
0 0.2832232876712329 0.6380821917808219 0.032912328767123245 0.04365949119373769
0 0.35093150684931507 0.7405185909980431 0.02162739726027396 0.10747553816046973
0 0.3081438356164383 0.6708292563600782 0.01786575342465757 0.03190313111545995
0 0.30226712328767125 0.5734319960861056 0.012693150684931542 0.011756360078277961
0 0.23009178082191784 0.6796453033268102 0.010342465753424651 0.029388454011741616
0 0.3763219178082192 0.6825831702544031 0.01692876712328767 0.030225048923679054
