0 0.458841095890411 0.7170083170254403 0.007052054794520535 0.03190313111545984
0 0.4703616438356164 0.6746061643835617 0.007523287671232892 0.014271037181996182
0 0.4429095890410959 0.5882803326810176 0.01920000000000005 0.034985322896281756
1 0.3208397260273973 0.7568909001956947 0.2097068493150685 0.04449608610567524
0 0.496927397260274 0.7283439334637964 0.015515068493150708 0.032744618395303404
0 0.5926109589041095 0.9281751467710372 0.028213698630137007 0.05457925636007821
0 0.4325095890410959 0.7346404109589042 0.005172602739725973 0.02686399217221125
0 0.45649041095890414 0.7640264187866928 0.010816438356164415 0.04030332681017601
0 0.5418301369863014 0.8240631115459882 0.027271232876712292 0.03778375733855188
0 0.4685739726027397 0.6439041095890411 0.014890410958904143 0.03708414872798427
0 0.44403013698630134 0.6510983365949119 0.014104109589041125 0.03274461839530318
