0 0.6041957178149877 0.9584076433121019 0.03711501509744719 0.07808917197452225
0 0.4753307713423003 0.8412861342479176 0.06820203129289037 0.14440470357667812
0 0.011719736480922317 0.9735203331700146 0.020743892396376612 0.04617834394904452
0 0.34037880867416964 0.5730548750612445 0.02453472412846558 0.020406663400294067
0 0.03056821301125446 0.8572317491425772 0.06113642602250892 0.13098481136697693
2 0.16601152895964866 0.722890739833415 0.18538567115015098 0.142733953944145
2 0.2923153993961021 0.6225551200391964 0.08330771342300303 0.08984321411072993
0 0.3467499313752402 0.6127070063694269 0.01963217128740047 0.028569328760411516
0 0.4619201207795772 0.9231577658010779 0.04704090035684877 0.15368446839784422
0 0.4204254735108427 0.6844243018128369 0.019934120230579222 0.03557079862812351
