0 0.32019589041095886 0.5503791585127202 0.005876712328767131 0.00757827788649712
0 0.4144082191780822 0.9827495107632094 0.020690410958904115 0.03106653620352251
0 0.44403013698630134 0.8236399217221135 0.014104109589041125 0.06213307240704502
0 0.3923082191780822 0.8093664383561644 0.018808219178082175 0.04533757338551858
1 0.29756712328767126 0.7224730919765167 0.3550027397260274 0.031081213307240674
0 0.41793424657534245 0.8845132093933463 0.02774246575342465 0.11670743639921721
3 0.6701986301369862 0.9651198630136987 0.1015753424657534 0.06633561643835617
3 0.6048356164383561 0.9084417808219178 0.09686027397260266 0.07724559686888444
0 0.3837041095890411 0.5891511741682974 0.012082191780821872 0.029153620352250442
0 0.391213698630137 0.6906090998043053 0.0062027397260274175 0.023321917808219128
0 0.3905616438356164 0.6422137964774951 0.016000000000000014 0.06296966731898235
0 0.40876575342465754 0.7610885518590997 0.016928767123287725 0.0713649706457925
