0 0.4705602739726027 0.8085102739726027 0.012079452054794493 0.08513209393346377
0 0.0156 0.8933292563600783 0.0312 0.02854696673189827
0 0.4278095890410959 0.9113820939334638 0.021158904109588983 0.17380136986301364
0 0.4539041095890411 0.9143199608610568 0.0197479452054794 0.09739726027397266
0 0.4050917808219178 0.8271673189823875 0.023509589041095902 0.0641389432485322
2 0.41194794520547945 0.6128864970645793 0.040487671232876665 0.11953033268101765
0 0.34599041095890415 0.6948067514677103 0.09207945205479456 0.08513209393346377
0 0.09726301369863014 0.8219618395303327 0.12553972602739727 0.1326614481409002
0 0.4075397260273973 0.7443664383561643 0.04212054794520548 0.10612035225048932
0 0.11254383561643837 0.9504256360078278 0.06112602739726028 0.09739726027397255
0 0.2557178082191781 0.8652030332681018 0.09356712328767128 0.2594471624266146
0 0.4258219178082192 0.7329770058708415 0.029068493150684882 0.12298923679060669
