0 0.43700247049135327 0.9357912787849094 0.035245676640131784 0.12449779519843207
0 0.4997886357397749 0.8899779519843214 0.03904474334339836 0.21662420382165604
0 0.4773153993961021 0.5468471337579618 0.016360142739500483 0.012635962763351216
0 0.060170189404337084 0.8030769230769231 0.11294537469118858 0.08983831455169033
0 0.44424101015646444 0.5534076433121019 0.04603348888278891 0.027697207251347278
0 0.339711776008784 0.6787677609015188 0.10103211638759263 0.09864282214600684
0 0.3902045017842437 0.5777021068103871 0.0561048586329948 0.04616364527192551
0 0.4499711776008784 0.6712371386575209 0.021506999725500964 0.046648701616854304
0 0.3489623936316223 0.6151151396374326 0.02316771891298386 0.026722195002449767
0 0.40913807301674443 0.6032116609505145 0.017150699972550087 0.029157275845173913
2 0.4461583859456492 0.6120651641352278 0.04093055174306892 0.0688633023027927
0 0.1579906670326654 0.7615139637432631 0.08185012352456764 0.07388535031847143
0 0.06017018940433708 0.8589098481136697 0.11388416140543507 0.1259431651151396
0 0.30004803733186935 0.5994757471827535 0.051756793851221505 0.0671925526702597
