0 0.3969818830634093 0.6775526702596766 0.04614603348888274 0.06549240568348857
0 0.3047817732637936 0.573015678588927 0.011336810321163848 0.03106810387065173
0 0.32430414493549276 0.6544610485056345 0.05132034037880867 0.07808427241548266
1 0.2024444139445512 0.6712542871141597 0.17075761734833927 0.08312591866731989
0 0.33963079879220426 0.5540127388535031 0.012152072467746355 0.03638412542871139
0 0.3935314301399945 0.5970455658990692 0.010192149327477418 0.025889269965703066
0 0.3908893768871809 0.8274252817246448 0.034811968158111495 0.22921607055365023
0 0.3697213834751578 0.6397672709456149 0.01129014548449081 0.025188633023027984
0 0.3166977765577821 0.5242773150416462 0.012544606093878585 0.025889269965703066
0 0.041354652758715346 0.7929985301322882 0.07813615152346967 0.08480156785889259
0 0.559294537469119 0.9554679078882901 0.017875377436178952 0.08228319451249377
