0 0.3786343672797145 0.6418667319941205 0.015100192149327452 0.08312591866732
0 0.08743068899258852 0.9785595296423322 0.05456491902278342 0.03946104850563448
0 0.31489569036508375 0.6061807937285644 0.018394180620367795 0.06549240568348835
0 0.20035135877024432 0.8555536501714845 0.12611583859456493 0.17632043116119545
0 0.2822028547900083 0.6372488975992161 0.02827065605270379 0.026864282214600688
0 0.37583584957452654 0.5801543361097501 0.03292890474883342 0.08060264576188136
0 0.31207384024155915 0.7098775110240078 0.031564644523744134 0.07472807447329743
0 0.3332651660719187 0.5453086722195002 0.015522920669777618 0.051215090641842154
0 0.3442917924787263 0.770749632533072 0.01885533900631342 0.07892209701126907
0 0.3812119132583036 0.8400244977951985 0.025942904199835304 0.3131896129348358
0 0.32738402415591544 0.7942601665850073 0.11195717814987649 0.2401322880940716
0 0.20082212462256382 0.82406418422342 0.04144111995608016 0.08648211660950522
0 0.2913752401866594 0.5847721705046545 0.010864671973648099 0.02938755512003921
0 0.3266291517979687 0.6254948554630083 0.044682953609662346 0.1108329250367468
0 0.14625583310458415 0.7967785399314062 0.2154927257754598 0.2989073983341498
