0 0.2777178082191781 0.5875391389432485 0.031320547945205446 0.022837573385518617
0 0.18289041095890413 0.6504623287671233 0.022339726027397283 0.019437377690802338
0 0.23197945205479453 0.7799804305283757 0.02069863013698628 0.053737769080234976
0 0.2754657534246575 0.6821624266144815 0.03526575342465749 0.05289628180039141
1 0.46589041095890416 0.9428571428571428 0.18668493150684934 0.03189823874755382
0 0.39363287671232877 0.6047896281800391 0.011726027397260363 0.022348336594911977
1 0.2874520547945206 0.8190068493150684 0.09780821917808216 0.020988258317025443
0 0.49880821917808216 0.8563869863013699 0.03714520547945205 0.06045499021526424
0 0.37949589041095894 0.5569447162426615 0.01657534246575343 0.019838551859099884
1 0.09585205479452055 0.8123067514677104 0.11520000000000002 0.02099315068493146
0 0.45625479452054796 0.9789726027397261 0.02632876712328769 0.036947162426614555
0 0.228058904109589 0.6234980430528376 0.0539041095890411 0.04713307240704501
0 0.3060164383561644 0.5664041095890411 0.017715068493150632 0.01943248532289632
0 0.35159452054794516 0.6043028375733854 0.022339726027397255 0.017490215264187925
0 0.3972150684931507 0.523894324853229 0.007400000000000018 0.018561643835616426
0 0.3809958904109589 0.5327519569471624 0.014013698630137017 0.025024461839530332
0 0.34056027397260275 0.6266560665362035 0.007345205479452055 0.01652152641878668
0 0.164386301369863 0.6764603718199609 0.06206575342465753 0.04519080234833661
0 0.4004356164383562 0.5695621330724071 0.010641095890410956 0.0432436399217222
