0 0.4356931100741147 0.5839637432631063 0.009755695855064472 0.05790298873101429
0 0.4554144935492726 0.5955365017148457 0.025597035410376057 0.09888290053895166
0 0.37193521822673625 0.5991450269475747 0.006148778479275363 0.0170063694267516
0 0.07219873730441943 0.7825036746692797 0.14439747460883887 0.12258696717295436
0 0.4273003019489432 0.8211219990200882 0.026815811144660973 0.20822146006859388
0 0.28477491078781225 0.6002621264086232 0.02348888278891026 0.01828025477707007
0 0.5376324457864398 0.8194487996080353 0.14116662091682675 0.3543214110730033
0 0.4576873455942904 0.8950048995590397 0.024460609387867205 0.20657030867221948
1 0.3874595113917101 0.6253772660460559 0.03251441119956083 0.007089661930426261
0 0.24151248970628603 0.9092871141597256 0.053203403788086745 0.1796815286624205
0 0.30457040900356847 0.72624938755512 0.10678012626955807 0.2115874571288585
0 0.521167993412023 0.7199510044096031 0.025448805929179197 0.06129348358647735
0 0.26482020312928906 0.7002229299363056 0.06961844633543782 0.10243508084272424
0 0.3385629975295087 0.562687408133268 0.03133406533077138 0.022346888780009788
0 0.438184188855339 0.7000514453699167 0.061248970628602795 0.1530573248407644
0 0.36751578369475707 0.6167736403723665 0.011155640955256674 0.02631553160215583
0 0.17024567664013177 0.8769622733953945 0.15057644798243208 0.24433121019108284
