0 0.4388575342465753 0.6809050880626223 0.02162739726027396 0.053737769080234976
0 0.3838493150684932 0.5893957925636009 0.019753424657534213 0.03696183953033272
0 0.3112013698630137 0.5843468688845401 0.03808493150684933 0.043664383561643816
0 0.4955164383561643 0.8639432485322895 0.033383561643835546 0.13097847358121328
0 0.38061369863013694 0.5504672211350293 0.010613698630137003 0.015063600782778908
0 0.45907534246575343 0.7640264187866928 0.031032876712328794 0.07556751467710365
0 0.39301369863013697 0.6573948140900195 0.019276712328767154 0.03190313111545984
0 0.40077260273972604 0.9802323874755381 0.006580821917808233 0.03610078277886497
0 0.3899575342465753 0.7451369863013698 0.009405479452054777 0.044500978473581254
0 0.3584369863013699 0.6124168297455969 0.00707671232876711 0.011663405088062628
