0 0.10455068493150685 0.745141878669276 0.15046027397260275 0.1486007827788649
0 0.19412739726027398 0.6750195694716243 0.026813698630136995 0.0336007827788648
2 0.2380849315068493 0.62926614481409 0.06206575342465753 0.06633072407045004
2 0.3187246575342466 0.6662108610567514 0.04843013698630133 0.08983855185909972
2 0.43556575342465753 0.7140680039138942 0.08087397260273971 0.1654060665362035
0 0.4924602739726028 0.8988062622309198 0.05359999999999998 0.2023874755381605
0 0.44285342465753424 0.8748654598825831 0.02586027397260271 0.15114970645792558
0 0.4268684931506849 0.5977788649706458 0.03244383561643838 0.07556751467710354
0 0.270058904109589 0.762348336594912 0.05830410958904106 0.09739726027397255
0 0.3495219178082192 0.5851859099804305 0.04137808219178085 0.07052837573385529
