0 0.39324931506849314 0.7136497064579257 0.015046575342465729 0.025185909980430576
0 0.42616164383561644 0.5977813111545989 0.004701369863013616 0.016795499021526328
0 0.16214931506849317 0.6750269080234834 0.041849315068493126 0.028546966731898382
0 0.42216575342465756 0.9705944227005872 0.015515068493150708 0.0588111545988258
0 0.1257095890410959 0.9390900195694716 0.06864657534246575 0.11502935420743643
0 0.30203150684931507 0.6108023483365949 0.022567123287671187 0.08818003913894334
0 0.4165246575342466 0.7686448140900195 0.013635616438356146 0.1637279843444227
0 0.45131780821917805 0.6821648727984344 0.011753424657534262 0.024349315068493138
0 0.44943698630136986 0.911394324853229 0.02868219178082193 0.17210371819960868
0 0.41652328767123287 0.87654843444227 0.017397260273972592 0.05035714285714288
0 0.40994109589041094 0.6343052837573386 0.025860273972602765 0.09655577299412921
0 0.06881643835616437 0.7686448140900196 0.13635616438356163 0.13181996086105663
