0 0.1395739726027397 0.7778913894324853 0.17537260273972602 0.09149706457925644
0 0.18260273972602742 0.6632729941291585 0.0883945205479452 0.06548923679060681
0 0.23009178082191784 0.668309686888454 0.07993150684931508 0.05373287671232885
0 0.2571287671232877 0.6746061643835617 0.08698630136986302 0.0999168297455969
0 0.06340684931506849 0.913901663405088 0.030556164383561644 0.17044520547945208
0 0.30602739726027395 0.9470670254403131 0.014575342465753371 0.09236301369863009
0 0.31805616438356166 0.573236301369863 0.11039726027397267 0.05656066536203519
0 0.33494520547945206 0.7850195694716242 0.03103013698630136 0.07052837573385518
0 0.946431506849315 0.8941707436399218 0.05783287671232873 0.036942270058708426
0 0.09435753424657534 0.756470156555773 0.18871506849315067 0.12594422700587082
