0 0.3043835616438356 0.6737671232876712 0.03009315068493157 0.05457925636007832
3 0.4611917808219178 0.6048923679060666 0.034821917808219194 0.017123287671232834
2 0.41887260273972604 0.5655430528375733 0.023619178082191772 0.03632093933463798
3 0.44418630136986303 0.5839579256360079 0.01684931506849313 0.0095596868884541
0 0.219513698630137 0.9374119373776908 0.02868219178082193 0.12006849315068502
2 0.4246575342465754 0.5381873776908024 0.013123287671232886 0.019721135029354242
1 0.36543561643835615 0.6127274951076321 0.17159452054794522 0.008772015655577281
3 0.5447219178082192 0.5774902152641879 0.06678082191780832 0.024745596868884556
0 0.41667397260273975 0.5995009784735812 0.009841095890410878 0.03143835616438362
1 0.34877260273972605 0.7806922700587084 0.20574794520547948 0.015396281800391431
0 0.4484931506849315 0.7240802348336595 0.019463013698630127 0.07558708414872806
0 0.4276123287671233 0.6589554794520548 0.021920547945205482 0.058038160469667366
1 0.36429999999999996 0.6247064579256361 0.1768849315068493 0.01045988258317021
0 0.19647397260273974 0.8458928571428572 0.01739726027397262 0.06800880626223094
0 0.49635616438356167 0.9481898238747553 0.04312328767123291 0.09931506849315064
0 0.2608904109589041 0.743458904109589 0.04936986301369861 0.06633072407045026
0 0.15744794520547944 0.9424486301369863 0.06629863013698628 0.10495596868884549
1 0.0873972602739726 0.7725880626223092 0.1747945205479452 0.0239041095890411
