0 0.15660307438923965 0.7325477707006369 0.08189678836124073 0.07976482116609507
0 0.41912297556958555 0.6393312101910829 0.0124759813340653 0.05239098481136695
0 0.4229124348064782 0.5405805977462028 0.01728794949217677 0.011195492405683516
1 0.4948256931100741 0.8106320431161196 0.05649739225912709 0.02938755512003921
1 0.41170052154817455 0.5668177364037237 0.04707933022234423 0.010499755022047919
0 0.18083035959374144 0.8127315041646251 0.10588800439198462 0.1528123468887801
1 0.4268514960197639 0.8148309652131308 0.0889541586604447 0.1116707496325331
0 0.3807329124348065 0.5783635472807447 0.01571781498764757 0.019588437040666373
1 0.07804693933571233 0.8043361097501225 0.15057644798243208 0.0554140127388536
1 0.39369338457315395 0.926923076923077 0.1355339006313478 0.1410583047525722
0 0.3254570409003569 0.9130671239588437 0.03575075487235796 0.04785889269965704
0 0.28925748009881963 0.8165115139637433 0.12987922042272845 0.36188143067123957
0 0.33104172385396646 0.6206050955414013 0.08455393906121328 0.08030867221950022
