0 0.3278917808219178 0.6242294520547944 0.032912328767123245 0.07473091976516633
0 0.0471027397260274 0.8626859099804305 0.0942054794520548 0.10663405088062627
0 0.2980342465753425 0.7044153620352251 0.03808493150684927 0.08228473581213314
0 0.21386986301369865 0.6725073385518591 0.04560821917808219 0.05037671232876706
1 0.33494520547945206 0.7640288649706457 0.39402191780821916 0.03358610567514686
1 0.1250041095890411 0.6972822896281801 0.13212328767123288 0.01090508806262247
0 0.26888356164383564 0.6015582191780822 0.06629863013698636 0.08983855185909984
0 0.15744794520547944 0.6548752446183954 0.042786301369863 0.041981409001956904
1 0.2768794520547946 0.7081800391389432 0.16974794520547948 0.02600782778864963
0 0.14216575342465754 0.7543713307240705 0.0978 0.11335127201565565
1 0.07084794520547946 0.7430381604696673 0.14169589041095892 0.021829745596868788
