0 0.43522371671699145 0.5904189122978931 0.023288498490255327 0.14312101910828023
0 0.29517979687071094 0.6255071043606075 0.04189404337084823 0.03725624693777563
3 0.32988471040351364 0.6104899559039687 0.01063409278067523 0.007966682998530095
0 0.42593466922865764 0.8349804017638411 0.02116936590721935 0.16372856442920136
1 0.29676228383200665 0.6905658990690837 0.03057644798243203 0.014272415482606493
0 0.5094317869887455 0.9248211660950514 0.04045566840516057 0.143576678098971
0 0.3409964315124897 0.5773542381185693 0.058171836398572596 0.05810877021068106
2 0.1307397749107878 0.7518520333170015 0.09590172934394729 0.05288584027437526
0 0.22175542135602527 0.7673934345908868 0.024976667581663475 0.05037726604605597
3 0.32695717814987646 0.6053552180303772 0.005382926159758494 0.0058598726114650335
0 0.35445100192149326 0.6414625183733464 0.030433708482020316 0.059113179813816696
0 0.356553664562174 0.5900073493385596 0.026530332143837487 0.035614894659480645
1 0.11687894592368928 0.8513547280744733 0.09078781224265715 0.03862322390984807
0 0.2727944002195993 0.8097942185203332 0.038622014822948136 0.0848015678588927
1 0.22716442492451278 0.8030769230769231 0.056497392259127116 0.01091621754042138
0 0.18788635739774912 0.8034958353748163 0.043793576722481464 0.047021068103870745
0 0.5171932473236344 0.8547133757961783 0.02304968432610477 0.05541401273885338
0 0.45792204227285205 0.7031602155805977 0.026813066154268483 0.07976482116609507
0 0.2104419434531979 0.9609260166585007 0.03245676640131759 0.0713669769720724
0 0.48591133681032117 0.8139906908378246 0.018816909140818017 0.03946594806467418
0 0.05099780400768597 0.8034958353748163 0.06167169914905298 0.043659970602645704
1 0.19825830359593744 0.834140127388535 0.07667581663464176 0.020989710926016647
