0 0.35845479452054796 0.6502568493150684 0.008465753424657496 0.019310176125244438
0 0.32296712328767124 0.6103326810176126 0.013227397260273999 0.013835616438356069
0 0.1478041095890411 0.976609589041096 0.029032876712328765 0.045479452054794534
0 0.2728808219178082 0.8341364970645793 0.046079452054794495 0.1015998043052837
0 0.33827123287671235 0.579121819960861 0.01663013698630139 0.015523483365949109
0 0.23573424657534248 0.9231360078277886 0.020690410958904143 0.0361056751467711
0 0.3253068493150685 0.6909809197651664 0.014575342465753427 0.020151663405088116
0 0.2684123287671233 0.9155821917808219 0.023980821917808204 0.061291585127201564
3 0.22562465753424657 0.9726761252446183 0.03432328767123288 0.04785714285714293
0 0.23488219178082193 0.6581800391389433 0.04007671232876711 0.06107632093933457
0 0.050410958904109585 0.9310714285714285 0.014082191780821908 0.04713307240704501
0 0.2007054794520548 0.8979476516634051 0.07382191780821915 0.19731409001956945
2 0.42333561643835615 0.7317049902152641 0.08368493150684936 0.17211839530332684
3 0.4169972602739726 0.5771428571428572 0.012334246575342434 0.010547945205479414
0 0.3100246575342466 0.8710812133072408 0.013167123287671223 0.02602739726027392
1 0.393472602739726 0.5923752446183953 0.04446849315068491 0.018732876712328705
0 0.29684520547945203 0.6216364970645792 0.01086301369863013 0.01743150684931516
1 0.3713849315068493 0.8920719178082193 0.09356986301369863 0.01931017612524466
0 0.37824931506849313 0.5537402152641879 0.0088109589041096 0.006237769080234767
0 0.17272465753424657 0.891245107632094 0.057246575342465744 0.06716731898238748
2 0.4484986301369863 0.9076051859099804 0.1293041095890411 0.18303816046966737
0 0.326272602739726 0.5953180039138943 0.015684931506849353 0.019569471624266144
0 0.18244794520547947 0.8077079256360078 0.03403561643835615 0.07814579256360088
0 0.31026027397260275 0.7346404109589042 0.011753424657534262 0.041981409001956904
0 0.3187232876712328 0.671247553816047 0.01081643835616436 0.014275929549901978
0 0.37100273972602743 0.6253326810176125 0.008487671232876748 0.0455381604696673
0 0.08023835616438356 0.9585004892367905 0.0438082191780822 0.06321428571428578
3 0.3165753424657535 0.5739799412915851 0.022191780821917806 0.008204500978473583
0 0.11996575342465754 0.9135298434442269 0.013334246575342448 0.046648727984344496
