0 0.35196712328767127 0.7727030332681017 0.01657534246575343 0.1093688845401174
0 0.2719041095890411 0.6726198630136986 0.03543013698630132 0.04829256360078282
3 0.334 0.6189456947162426 0.009709589041095867 0.007030332681017604
3 0.3499438356164383 0.5846183953033268 0.03424931506849316 0.04522504892367918
2 0.31905479452054797 0.794043542074364 0.03219726027397257 0.09640410958904111
3 0.2686479452054794 0.7929941291585128 0.06864931506849312 0.09823874755381601
2 0.2157232876712329 0.745068493150685 0.03559999999999999 0.05993150684931503
2 0.19053424657534246 0.8099633072407044 0.08412054794520551 0.06483855185909981
2 0.1454095890410959 0.7398287671232877 0.10052328767123288 0.11280821917808215
2 0.047780821917808226 0.8565215264187866 0.09480547945205481 0.11738747553816042
2 0.24303835616438355 0.9138698630136987 0.13713972602739727 0.14236790606653615
2 0.29835205479452054 0.7267539138943249 0.10113150684931504 0.036873776908023626
0 0.4407397260273973 0.8106164383561645 0.05358904109589041 0.3282778864970647
3 0.31563561643835614 0.6692123287671232 0.04875068493150686 0.08267123287671219
