0 0.538068493150685 0.9122235812133073 0.012224657534246619 0.051218199608610515
1 0.3624506849315069 0.9319520547945206 0.043728767123287604 0.013434442270058744
0 0.45155342465753423 0.7589897260273972 0.027271232876712348 0.08899706457925627
1 0.3551643835616438 0.7514310176125245 0.06206575342465753 0.020151663405088116
0 0.43556575342465753 0.6179329745596869 0.011284931506849338 0.11250978473581208
0 0.4912835616438356 0.8400146771037182 0.06065479452054795 0.08480430528375738
0 0.4776479452054795 0.7090313111545987 0.01645753424657531 0.061291585127201675
0 0.41064657534246574 0.7081898238747554 0.04796164383561646 0.06633072407045004
0 0.35328219178082193 0.726242661448141 0.029150684931506854 0.026868884540117377
0 0.3405876712328767 0.9655381604696673 0.014106849315068504 0.06548923679060659
0 0.4193452054794521 0.8626834637964775 0.0747616438356164 0.12510273972602737
0 0.3119054794520548 0.7950954011741683 0.028210958904109573 0.06045499021526424
