0 0.4048986301369863 0.5276296477495108 0.0035890410958904218 0.008096868884540087
1 0.4083958904109589 0.539777397260274 0.020030136986301406 0.007421722113503004
0 0.28747808219178084 0.592125733855186 0.07249041095890413 0.05189334637964771
0 0.4116095890410959 0.5910616438356164 0.008506849315068565 0.028542074363992143
0 0.4466164383561644 0.8089481409001957 0.08510684931506851 0.3803522504892368
0 0.04107534246575342 0.7820792563600782 0.08087397260273972 0.06464774951076324
0 0.4107397260273973 0.5556849315068493 0.004898630136986326 0.006996086105675148
0 0.3966794520547945 0.5220596868884539 0.007556164383561714 0.012485322896281792
0 0.3006205479452055 0.9609197651663405 0.020687671232876736 0.07472602739726031
0 0.3601287671232877 0.5559760273972603 0.013386301369863074 0.018077299412915804
0 0.15533150684931507 0.6905601761252447 0.15046027397260273 0.11839041095890412
