0 0.3371026626406808 0.6093606075453208 0.02081526214658247 0.03708476237138658
0 0.304223167718913 0.5862003919647232 0.007183639857260504 0.008098971092601603
1 0.33114740598407905 0.8349804017638411 0.5381443864946472 0.05961293483586483
0 0.026351907768322812 0.875404213620774 0.052703815536645625 0.06996570308672212
1 0.4343782596760911 0.6960877021068104 0.13916003293988471 0.009911807937285633
1 0.3624293164973923 0.7715899069083783 0.14159209442766946 0.02015188633023035
0 0.2761391710129014 0.6317858892699657 0.03847104035135879 0.02721705046545808
0 0.3196939335712325 0.5971141597256246 0.014079055723304923 0.023792258696717306
2 0.7211089761185836 0.899657030867222 0.12983804556684053 0.20068593826555603
1 0.32870024704913536 0.6558525232729053 0.14928630249794134 0.026237138657520753
