1 0.32738539665111177 0.7531185693287604 0.07808674169640412 0.025188633023027762
1 0.40144935492725775 0.8484149926506614 0.03335163326928359 0.017633512983831534
0 0.29776557782047763 0.6057079862812347 0.02351907768322803 0.03848113669769715
0 0.023018116936590723 0.7855879470847624 0.04380730167444414 0.05538951494365507
1 0.09017018940433709 0.7660558549730525 0.05912160307438924 0.006996570308672179
0 0.13869475706835027 0.6239612934835865 0.013799066703266555 0.03441940225379714
2 0.15599368652209716 0.5993287604115629 0.015500960746637371 0.021597256246937646
0 0.2106903650837222 0.671594806467418 0.026491902278342028 0.08512983831455168
0 0.37957589898435357 0.8841009309162176 0.03768048311830907 0.22837824595786382
0 0.084531979138073 0.7266976972072514 0.05720010979961569 0.051896129348358744
