0 0.3934794520547945 0.9571673189823875 0.014575342465753427 0.0722602739726027
0 0.4920835616438356 0.9089481409001957 0.019279452054794477 0.07640900195694722
1 0.30955479452054796 0.6489970645792564 0.22193150684931506 0.030225048923679054
0 0.42522191780821916 0.7992930528375735 0.015046575342465784 0.03862524461839534
0 0.18354246575342467 0.6645303326810177 0.18055342465753427 0.1251076320939335
0 0.4311 0.7077715264187867 0.00799178082191776 0.023507827788649682
0 0.08832876712328766 0.7484955968688844 0.0945095890410959 0.07304794520547941
0 0.4626027397260274 0.8526076320939334 0.04749041095890416 0.23761252446183945
0 0.40194794520547944 0.5906433463796479 0.01645479452054799 0.049535225048923714
0 0.5060958904109589 0.9806531311154599 0.012224657534246508 0.02854696673189827
