1 0.41088630136986304 0.7283488258317026 0.052183561643835585 0.010905088062622359
0 0.27834246575342464 0.7952592954990215 0.037578082191780826 0.0981506849315068
0 0.3113821917808219 0.5770963796477495 0.006424657534246592 0.012822896281800444
0 0.32593287671232873 0.6101638943248532 0.004912328767123275 0.04116927592954989
0 0.13981506849315067 0.6960176125244618 0.08275342465753424 0.0671722113502935
0 0.2315424657534247 0.9204672211350293 0.06369863013698632 0.15906555772994135
0 0.3123424657534247 0.6896771037181996 0.032926027397260305 0.11953033268101754
0 0.06317260273972602 0.7711643835616439 0.0695890410958904 0.07472602739726031
3 0.23903698630136988 0.8006066536203522 0.017142465753424624 0.01943248532289621
1 0.2921575342465753 0.6771257338551859 0.04607945205479452 0.009231898238747593
0 0.03182191780821918 0.7829207436399217 0.06364383561643835 0.0528962818003913
1 0.24043561643835615 0.756472602739726 0.11378630136986301 0.013434442270058744
