2 0.3807890410958904 0.8064285714285715 0.06817534246575341 0.140215264187867
1 0.181427397260274 0.7946771037181997 0.3390082191780822 0.02268101761252439
2 0.2444328767123288 0.7350611545988259 0.08134246575342469 0.138537181996086
0 0.28956027397260276 0.6481482387475539 0.017372602739726017 0.030249510763209364
0 0.37726301369863013 0.5990386497064579 0.015046575342465784 0.04113992172211345
0 0.4035931506849315 0.6582338551859099 0.018808219178082175 0.058776908023483454
0 0.21528082191780823 0.900887964774951 0.06817808219178084 0.17799902152641878
0 0.264886301369863 0.776621819960861 0.031032876712328766 0.07892857142857135
0 0.3600958904109589 0.7060934442270059 0.01268493150684935 0.06549412915851283
0 0.36057123287671233 0.6301076320939334 0.01645753424657531 0.08480430528375738
2 0.21175479452054793 0.6368224070450097 0.08087397260273971 0.07304794520547941
