0 0.2683109589041096 0.5488625244618395 0.01502191780821921 0.01691291585127208
1 0.3454219178082192 0.6191756360078278 0.17846027397260278 0.02104207436399219
0 0.23876164383561643 0.5905528375733855 0.08848767123287671 0.08163405088062614
0 0.21833698630136988 0.8983683953033268 0.04419726027397261 0.09403620352250486
0 0.34105753424657537 0.5360665362035224 0.005643835616438386 0.012592954990215177
1 0.34623013698630134 0.8202837573385519 0.34606027397260264 0.05709393346379654
0 0.33259452054794514 0.6099559686888454 0.01692602739726029 0.022671232876712466
0 0.13605342465753426 0.9462279843444228 0.038556164383561645 0.10243639921722114
0 0.09802876712328766 0.6957974559686888 0.19493424657534245 0.13352250489236794
1 0.27123424657534245 0.7640288649706457 0.032441095890411 0.020151663405088116
0 0.29622876712328766 0.5275831702544032 0.015345205479452062 0.016320939334637963
