3 0.30642465753424664 0.6576051859099805 0.02369863013698631 0.02332191780821924
0 0.3866671232876712 0.9554647749510763 0.020687671232876736 0.07556751467710365
0 0.24137671232876712 0.7921550880626222 0.08463287671232875 0.16204990215264192
0 0.370913698630137 0.5980014677103719 0.0126986301369863 0.04292074363992171
1 0.2790780821917808 0.6432729941291585 0.17144931506849315 0.011174168297455989
0 0.40782465753424657 0.7476541095890411 0.015046575342465784 0.029388454011741727
2 0.4228657534246575 0.6460714285714285 0.038542465753424626 0.06803326810176125
3 0.3279205479452055 0.6075587084148728 0.017715068493150743 0.03304305283757336
0 0.23455890410958904 0.899628180039139 0.015517808219178086 0.08480430528375738
0 0.4452054794520548 0.8358170254403131 0.06347397260273968 0.017632093933463766
0 0.39936301369863014 0.8534491193737769 0.023509589041095846 0.09823874755381601
0 0.28322328767123284 0.7917343444227005 0.06018356164383559 0.16120841487279847
