0 0.4360369863013699 0.6620132093933464 0.024452054794520506 0.06969178082191785
0 0.49615890410958907 0.8696942270058708 0.08267397260273973 0.2567857142857142
3 0.3346821917808219 0.5388331702544031 0.018756164383561702 0.006629158512720279
2 0.23594657534246574 0.6637744618395304 0.13674794520547945 0.1077544031311155
3 0.30407945205479453 0.5784050880626224 0.013063013698630166 0.005831702544031425
0 0.4281767123287671 0.9137744618395303 0.05329041095890413 0.17142367906066547
2 0.12251232876712329 0.857426614481409 0.24058082191780822 0.285146771037182
0 0.4206356164383561 0.7177592954990215 0.023682191780821926 0.07968688845401173
3 0.32380136986301367 0.554777397260274 0.021515068493150713 0.011061643835616364
0 0.4398232876712329 0.7108121330724071 0.005986301369862945 0.02672211350293552
3 0.2842164383561644 0.5960200587084148 0.014487671232876698 0.007588062622309155
3 0.3047671232876712 0.5963013698630137 0.008975342465753433 0.005342465753424563
