0 0.4183904109589041 0.6481580234833659 0.016441095890410984 0.066472602739726
0 0.46165890410958904 0.6371991193737769 0.005471232876712362 0.01943737769080245
0 0.38245616438356167 0.6143860078277887 0.034813698630137 0.12045499021526418
0 0.4484013698630137 0.9073605675146771 0.01974520547945202 0.1754941291585128
0 0.22844657534246576 0.7631873776908025 0.02304109589041095 0.036942270058708426
0 0.43229041095890414 0.5569911937377692 0.002690410958904099 0.009843444227005782
0 0.4318657534246575 0.7287915851272015 0.0209808219178082 0.12098825831702542
0 0.41378904109589043 0.5405406066536204 0.01135342465753425 0.019124266144814106
0 0.2455 0.6157240704500978 0.03539999999999999 0.027211350293542047
1 0.4145876712328767 0.6156188845401174 0.04567397260273964 0.007871819960860948
0 0.4672095890410959 0.8985371819960861 0.015986301369862954 0.0386203522504891
0 0.42425890410958905 0.5569911937377692 0.005526027397260269 0.01546966731898236
0 0.415127397260274 0.5709099804305284 0.009306849315068533 0.04555772994129148
0 0.4367780821917808 0.5979036203522505 0.019857534246575326 0.023057729941291627
0 0.32107397260273973 0.6334637964774951 0.020219178082191758 0.03106653620352251
0 0.44322328767123287 0.7354941291585128 0.005169863013698706 0.04421722113502935
0 0.20352602739726028 0.6477372798434442 0.024920547945205485 0.029388454011741616
0 0.4067917808219178 0.7910640900195695 0.0098739726027397 0.07892857142857146
0 0.45498493150684927 0.7930308219178082 0.010342465753424623 0.0766682974559687
