0 0.14672522646170738 0.7493410093091621 0.04520450178424376 0.04953944145026956
0 0.11520861926983256 0.926920627143557 0.08566291517979686 0.13266536011758945
0 0.39762283832006595 0.5376163645271925 0.0078945923689267 0.022836844683978397
0 0.34862201482294813 0.5509774620284174 0.00843810046664839 0.007775600195982446
0 0.3988622014822948 0.732016168544831 0.016071918748284397 0.05807447329740323
0 0.44557507548723574 0.9275551200391965 0.025314301399945116 0.14488975992160702
0 0.28004666483667306 0.6178956393924546 0.07957727147954982 0.07346888780009786
0 0.3118377710678013 0.6288535031847133 0.025448805929179252 0.045340519353258224
0 0.17165111172110897 0.899078882900539 0.10053527312654408 0.1964723174914258
0 0.39527587153444965 0.5801102400783931 0.01689267087565194 0.05107790298873105
0 0.3333392808125172 0.5689171974522294 0.01532528136151523 0.013297403233709093
0 0.0665220971726599 0.7959382655560999 0.13223167718912984 0.11922586967172966
0 0.24080702717540492 0.741780989710926 0.10917924787263247 0.14525722684958353
0 0.427674993137524 0.8226261636452719 0.018814164150425472 0.08816266536011763
