2 0.5100931506849316 0.8198630136986302 0.11143561643835614 0.34844422700587085
0 0.37492739726027396 0.6193468688845402 0.018024657534246646 0.030787671232876734
1 0.35513972602739724 0.5987035225048923 0.14380273972602742 0.023091976516633972
0 0.25477808219178083 0.6494178082191782 0.07193972602739729 0.056252446183952975
0 0.29756438356164383 0.6326272015655577 0.04184657534246572 0.03106653620352251
0 0.056120547945205476 0.952945205479452 0.044197260273972604 0.07556751467710376
0 0.40790000000000004 0.6381898238747554 0.008161643835616406 0.06181017612524464
0 0.14475205479452055 0.8320376712328768 0.09074794520547945 0.14273483365949124
0 0.10878356164383562 0.7841780821917808 0.0347945205479452 0.053737769080234865
0 0.16543972602739726 0.6872015655577299 0.013635616438356146 0.01931506849315079
0 0.35916027397260275 0.7115508806262232 0.05595342465753422 0.13014677103718209
0 0.4103876712328767 0.5878595890410958 0.019197260273972616 0.025190802348336594
0 0.34669589041095894 0.5969545009784736 0.020416438356164412 0.041981409001956904
0 0.037782191780821914 0.8719202544031311 0.07052876712328766 0.12006360078277889
2 0.44936849315068494 0.6037891389432486 0.05126301369863007 0.0862964774951075
0 0.24278767123287673 0.8072676125244618 0.04607945205479452 0.06969178082191785
0 0.3796095890410959 0.5836619373776908 0.01727945205479453 0.026590019569471712
0 0.4384287671232877 0.6574315068493151 0.01240821917808227 0.026819960861056757
0 0.16144520547945207 0.7140704500978474 0.01598630136986301 0.022671232876712244
0 0.14710273972602741 0.9222969667318983 0.06159726027397262 0.13182485322896287
