0 0.22515479452054796 0.8450513698630138 0.06347671232876712 0.1402201565557729
1 0.46283835616438357 0.8715019569471625 0.08369315068493155 0.05709393346379643
0 0.17185753424657535 0.705589530332681 0.053309589041095895 0.039681996086105675
0 0.44576027397260276 0.6880430528375734 0.013093150684931498 0.0402348336594911
1 0.20423150684931507 0.7081922700587084 0.07429315068493147 0.022666340508806226
1 0.34635616438356165 0.5888527397260274 0.01986301369863014 0.008263209393346349
0 0.3868849315068493 0.628454011741683 0.014449315068493174 0.02818003913894318
1 0.44755616438356166 0.7241462818003914 0.05783561643835622 0.029388454011741838
1 0.3613534246575343 0.683378180039139 0.1322739726027397 0.04722602739726034
1 0.4199602739726027 0.6129060665362036 0.03156438356164387 0.018463796477495076
0 0.5166739726027397 0.942869373776908 0.032443835616438266 0.10411448140900204
0 0.37655616438356165 0.89375 0.02962191780821921 0.20570939334637972
0 0.2691178082191781 0.7442979452054794 0.05454246575342461 0.08144324853228957
0 0.42357671232876715 0.7971917808219178 0.040906849315068494 0.10159491193737769
1 0.35422328767123284 0.7703253424657535 0.06394794520547942 0.015954011741682872
1 0.15274383561643834 0.7678180039138943 0.16503287671232877 0.07307240704500972
1 0.2660917808219178 0.6559735812133073 0.22758630136986302 0.03148727984344424
1 0.2421739726027397 0.6862989236790606 0.10484657534246575 0.013400195694716288
