0 0.23916003293988472 0.6414478196962274 0.06637386769146308 0.07052915237628621
0 0.36736755421356027 0.6024081332680059 0.0216415042547351 0.04616854483096522
0 0.22902278342025803 0.7212126408623224 0.07620642327751853 0.08563939245467922
0 0.07193247323634368 0.9059309162175404 0.10071369750205875 0.10075943165115131
0 0.20834888827889103 0.834982851543361 0.0762530881141916 0.1385399314061735
0 0.34267911062311285 0.5906491915727585 0.030590172934394644 0.06464968152866246
0 0.17048174581388964 0.811891229789319 0.046618171836398575 0.06213620774130335
0 0.06605133132034038 0.818187163155316 0.12564644523744167 0.06633023027927476
0 0.1497845182541861 0.7291891229789319 0.11341476804831183 0.09991670749632542
0 0.11614877847927532 0.9445541401273885 0.1129453746911886 0.09403723664870167
0 0.4029810595662915 0.6766046055854973 0.01179796870710953 0.017413032827045538
2 0.4753046939335712 0.8526139147476728 0.07013724951962663 0.0277070063694268
2 0.3489925885259402 0.8484149926506614 0.20139445511940712 0.1973101420872121
