0 0.2696904109589041 0.69293542074364 0.02131506849315068 0.02101761252446177
1 0.37558356164383566 0.7056678082191781 0.029479452054794575 0.03765655577299398
0 0.27105068493150686 0.6730748532289628 0.005443835616438353 0.016198630136986192
0 0.3292013698630136 0.609929060665362 0.012041095890410969 0.025875733855185934
0 0.33635479452054795 0.6564946183953033 0.0068027397260273514 0.01542563600782798
1 0.32728493150684934 0.6417343444227006 0.0253972602739726 0.014985322896281739
0 0.3141328767123287 0.6732754403131116 0.00861643835616438 0.01659980430528374
1 0.19501369863013696 0.7904085127201566 0.21441095890410955 0.0291634050880627
1 0.4271643835616439 0.7900807240704502 0.16587397260273967 0.013409980430528434
0 0.2910054794520548 0.727575831702544 0.014060273972602733 0.018224070450097773
2 0.07415753424657534 0.8018713307240704 0.03893972602739725 0.04470156555772997
1 0.2986013698630137 0.6283537181996086 0.03423835616438353 0.016560665362035154
1 0.35188904109589036 0.6743101761252446 0.03469315068493156 0.025146771037181992
2 0.29693972602739727 0.8857387475538161 0.17362739726027399 0.22852250489236792
0 0.3229767123287671 0.6498116438356164 0.004989041095890379 0.01332191780821912
0 0.29474657534246573 0.6573043052837573 0.005213698630136987 0.02109589041095894
0 0.19748493150684931 0.718084637964775 0.014328767123287678 0.01405577299412919
0 0.2927013698630137 0.7564872798434442 0.007473972602739742 0.027534246575342536
