0 0.07322536371122701 0.8526041156295934 0.04189953335163327 0.04914747672709463
0 0.5350164699423552 0.8152106810387065 0.031723853966511006 0.08333659970602647
1 0.4401399945100192 0.7511073003429691 0.14843261048586326 0.055551200391964706
0 0.020532528136151525 0.9194512493875552 0.03519077683228109 0.04086232239098475
1 0.4766552292066978 0.864358157765801 0.16400494098270663 0.0555560999510043
0 0.195632720285479 0.7302743753062224 0.022146582486961303 0.028848603625673763
1 0.36529371397200106 0.6496129348358647 0.2071616799341202 0.014953454189122972
0 0.37172659895690363 0.6567613914747672 0.027285204501784233 0.13361097501224894
0 0.42574800988196543 0.6213008329250367 0.02878945923689269 0.03311611954924054
0 0.2557878122426571 0.6565580597746203 0.0478863573977491 0.0587604115629593
0 0.1557987922042273 0.7628613424791768 0.014424924512764226 0.04487016168544822
1 0.25845045292341473 0.716923076923077 0.20057919297282462 0.01708966193042627
0 0.49251715618995334 0.7105095541401274 0.02454021410925067 0.07265066144047028
0 0.11419846280538018 0.8194855463008328 0.030587427944002196 0.04487016168544822
1 0.2399258852594016 0.8173468887800097 0.1658029096898161 0.05769230769230771
