0 0.2557178082191781 0.8370768101761252 0.19795068493150686 0.12594422700587082
0 0.4761561643835616 0.7231800391389431 0.013753424657534263 0.06157534246575336
1 0.3786095890410959 0.6463527397260274 0.12224931506849313 0.021687866927592947
0 0.3937191780821918 0.6074363992172211 0.03761369863013697 0.046183953033267944
0 0.4483876712328767 0.6436692759295499 0.017958904109589113 0.04839530332681008
0 0.16645205479452055 0.9340264187866927 0.07980821917808223 0.1310665362035225
0 0.2741698630136986 0.6217245596868886 0.0791890410958904 0.053175146771037185
0 0.43336849315068493 0.760288649706458 0.02971232876712332 0.09970645792563604
0 0.5159219178082192 0.8155283757338552 0.016484931506849376 0.12872798434442267
0 0.47042876712328763 0.5556262230919764 0.011104109589041122 0.04023483365949121
1 0.47752739726027393 0.6990435420743639 0.11836986301369862 0.016100782778864953
0 0.4839917808219178 0.6560078277886496 0.006701369863013729 0.06577299412915838
