0 0.3563397260273973 0.7421991193737769 0.012695890410958866 0.07724559686888455
0 0.706890410958904 0.6830675146771037 0.042175342465753496 0.0374168297455969
0 0.6068945205479452 0.5926908023483366 0.04734520547945209 0.03643835616438351
0 0.28346027397260276 0.659491193737769 0.023983561643835638 0.0361056751467711
0 0.5256767123287671 0.6206409001956947 0.014038356164383536 0.018659491193737887
1 0.5830698630136986 0.6364212328767123 0.08573972602739721 0.007284735812132959
0 0.4602082191780822 0.6436717221135029 0.02808219178082194 0.07171722113502943
2 0.8409342465753424 0.8690313111545989 0.31019726027397254 0.2565557729941291
3 0.7364109589041096 0.70978228962818 0.022849315068493192 0.02476027397260272
1 0.17484520547945204 0.7128106653620352 0.028682191780821903 0.04702054794520538
0 0.34737945205479454 0.5599975538160469 0.021257534246575283 0.022157534246575294
1 0.13769863013698633 0.9462279843444227 0.272241095890411 0.10579256360078282
1 0.23197260273972603 0.7774608610567515 0.2426191780821918 0.04534246575342471
0 0.3684397260273973 0.5757436399217222 0.005909589041095897 0.011663405088062517
0 0.3354164383561644 0.9441267123287671 0.027271232876712348 0.03778375733855188
0 0.6102945205479451 0.6147994129158513 0.013334246575342434 0.027211350293542047
0 0.40712054794520547 0.6603326810176124 0.007994520547945139 0.027710371819960833
0 0.6501575342465753 0.6322920743639922 0.019591780821917815 0.022353228962818106
0 0.3502260273972603 0.8429525440313111 0.015515068493150708 0.09571917808219177
1 0.40853013698630136 0.9004696673189824 0.32678630136986303 0.0528962818003913
0 0.10243424657534246 0.9130626223091977 0.023980821917808204 0.03106653620352251
1 0.6344589041095889 0.8652030332681018 0.09592054794520555 0.029388454011741727
0 0.19036164383561643 0.6561350293542074 0.05407123287671234 0.05121330724070461
0 0.26394520547945205 0.6460591976516634 0.010345205479452058 0.029388454011741616
0 0.49237123287671236 0.6302617416829746 0.023838356164383567 0.04489726027397278
1 0.40829178082191786 0.5801149706457925 0.046364383561643796 0.018077299412915915
0 0.5454301369863013 0.6693272994129158 0.03265205479452049 0.0565606653620353
2 0.6254301369863013 0.7739872798434443 0.11558904109589041 0.14810176125244623
0 0.2489 0.6250684931506849 0.013164383561643844 0.022671232876712244
1 0.24725479452054794 0.7417759295499022 0.11425753424657534 0.017632093933463877
