0 0.24799041095890412 0.6491536203522505 0.011969863013698623 0.01554794520547953
0 0.4166698630136986 0.5338527397260274 0.01222191780821924 0.00813600782778856
0 0.38307808219178086 0.6737108610567515 0.015673972602739672 0.02798923679060672
0 0.27532465753424656 0.6926027397260274 0.08776712328767122 0.10215264187866935
0 0.33057260273972605 0.9799437377690803 0.014887671232876709 0.04011252446183955
0 0.18931917808219179 0.7475293542074364 0.012145205479452026 0.027289628180039105
0 0.486127397260274 0.977727495107632 0.01332328767123292 0.03707925636007825
0 0.43773698630136987 0.5421697651663405 0.013715068493150628 0.019593933463796454
1 0.3143123287671233 0.9553375733855185 0.021550684931506803 0.01749510763209383
0 0.11624246575342467 0.774116927592955 0.028210958904109587 0.021687866927592836
0 0.3203849315068493 0.7471795499021526 0.05799178082191786 0.1371379647749511
0 0.282958904109589 0.8846746575342466 0.01605479452054792 0.046893346379647816
0 0.4175575342465754 0.567358121330724 0.02115890410958904 0.02798434442270059
0 0.4269630136986301 0.9854231898238748 0.0203753424657534 0.024486301369863073
0 0.17736849315068492 0.7972064579256359 0.06112602739726028 0.07206457925636023
0 0.3256753424657534 0.8367392367906066 0.009010958904109634 0.04477984344422692
0 0.356545205479452 0.57043542074364 0.051183561643835584 0.027211350293542047
0 0.3480095890410959 0.6121379647749512 0.053679452054794574 0.05597847358121333
0 0.46790821917808223 0.69470156555773 0.027821917808219243 0.051780821917808306
0 0.37916438356164384 0.7856604696673191 0.017232876712328815 0.0797651663405089
0 0.39757397260273974 0.6152886497064579 0.028994520547945213 0.0384833659491195
0 0.392872602739726 0.7086961839530332 0.009405479452054832 0.04338062622309202
1 0.0751013698630137 0.8122504892367906 0.008619178082191786 0.02238747553816056
0 0.33625479452054796 0.6583170254403131 0.014498630136986324 0.018189823874755318
0 0.541186301369863 0.7851834637964775 0.06073424657534243 0.15976027397260273
1 0.13877397260273971 0.839187866927593 0.27702191780821916 0.044080234833659415
0 0.2828191780821918 0.6107656555772994 0.057687671232876714 0.03206947162426621
0 0.15165342465753426 0.7004158512720156 0.0490054794520548 0.025753424657534274
0 0.07235890410958905 0.774116927592955 0.04623561643835617 0.03707925636007836
0 0.4925904109589041 0.9231531311154599 0.01685205479452051 0.08466242661448142
1 0.06687260273972602 0.7404965753424657 0.13321917808219177 0.011961839530332696
0 0.13642191780821916 0.7412328767123287 0.059167123287671236 0.03428571428571425
0 0.30549452054794524 0.9332974559686888 0.01802465753424659 0.08955968688845395
0 0.39013013698630133 0.6443248532289628 0.0070547945205479135 0.013992172211350296
0 0.4226520547945205 0.6464212328767123 0.018021917808219212 0.03498532289628187
1 0.4439041095890411 0.6384613502935421 0.10122191780821921 0.010689823874755366
1 0.429313698630137 0.8692759295499022 0.2915205479452055 0.03708414872798427
0 0.4621917808219178 0.5417343444227005 0.012663013698630099 0.016873776908023497
0 0.07901917808219178 0.9183708414872798 0.13243835616438357 0.16325831702544036
0 0.08783561643835616 0.7912597847358122 0.018416438356164383 0.012597847358121417
0 0.46085479452054795 0.6173874755381604 0.010580821917808292 0.03708414872798427
1 0.3504369863013699 0.5908439334637965 0.04272054794520541 0.006805283757338576
1 0.06262739726027397 0.7989554794520548 0.12525479452054794 0.023791585127201698
0 0.28923424657534247 0.8346404109589041 0.016063013698630113 0.05457436399217219
