0 0.29394317869887454 0.6384786869181773 0.019925885259401588 0.02973542381185701
2 0.24248421630524292 0.6892871141597255 0.04458413395553115 0.07591866731994124
0 0.21144935492725775 0.5328025477707006 0.005199011803458664 0.008152866242038148
1 0.23036096623661817 0.8158476237138658 0.4597886357397749 0.08902988731014205
0 0.35209031018391435 0.6250685938265557 0.019925885259401643 0.029735423811856898
0 0.5487098545155091 0.8979544341009309 0.11901180345868789 0.17380205781479663
0 0.2144880592917925 0.9533684468397844 0.023519077683228112 0.08648211660950511
0 0.2151523469667856 0.5430671239588437 0.0031512489706286007 0.007310142087212146
0 0.4322769695306066 0.7225992160705537 0.10584957452648913 0.1624546790788829
0 0.32318007136975013 0.6874571288584028 0.013722206972275608 0.08921117099461051
0 0.3537235794674719 0.6533463988241058 0.010779577271479546 0.024487996080352792
0 0.20388827889102387 0.5728735913767761 0.008034586878945926 0.011812836844683927
