3 0.43611232876712325 0.5393028375733855 0.008734246575342497 0.00689334637964778
3 0.30669041095890415 0.651695205479452 0.020805479452054798 0.010406066536203462
1 0.38126301369863014 0.5997602739726027 0.023621917808219206 0.00450097847358133
3 0.4346054794520548 0.5151663405088063 0.01708493150684931 0.0063307240704501
3 0.21486164383561643 0.6934833659491193 0.0176849315068493 0.008502935420743651
0 0.43028219178082194 0.6685102739726028 0.0111342465753424 0.023909001956947118
0 0.4239054794520548 0.5964995107632094 0.0040958904109589245 0.01771526418786684
3 0.4085054794520548 0.5598434442270058 0.016063013698630058 0.0050880626223093195
3 0.2799753424657534 0.6687255381604698 0.03471780821917808 0.012059686888454046
1 0.0674054794520548 0.8979476516634051 0.13165479452054796 0.014271037181996071
0 0.48009315068493147 0.7276932485322897 0.03755068493150682 0.054809197651663366
0 0.39057534246575343 0.5898874755381605 0.015402739726027403 0.014823874755381716
1 0.4437054794520548 0.6099681996086106 0.016731506849315014 0.0029305283757338207
2 0.43488082191780825 0.5643444227005872 0.023460273972602752 0.020273972602739776
3 0.45355890410958905 0.515222602739726 0.007786301369863025 0.004858121330724052
0 0.22486027397260272 0.8210322896281801 0.2727890410958904 0.34922700587084143
