0 0.4225199011803459 0.5654752572268495 0.014702168542410077 0.019240568348848575
0 0.27561762283832003 0.6284321411073004 0.025448805929179252 0.027711905928466618
0 0.4369654131210541 0.716763841254287 0.025920944276695 0.07304752572268502
1 0.12414630798792205 0.7952670259676629 0.1228245951139171 0.01847133757961783
3 0.3290927806752676 0.6529372856442921 0.01665934669228658 0.009911807937285633
0 0.43183090859181994 0.5902572268495836 0.015026077408729077 0.029157275845173913
0 0.3221877573428493 0.6028245957863793 0.014158660444688442 0.010078392944635084
0 0.4107603623387318 0.5546888780009799 0.021888553390063126 0.04664380205781482
3 0.3330126269558057 0.6401102400783929 0.014699423552017532 0.009911807937285744
3 0.34575212736755423 0.6243679568838805 0.02188580839967058 0.011077902988731125
