0 0.1353266538567115 0.9429813816756492 0.06434531979138074 0.11403723664870158
1 0.39100192149327484 0.7855658990690837 0.04049409827065603 0.00849583537481624
1 0.14965001372495196 0.7764723174914258 0.12069997255009607 0.046016658500734886
1 0.31475569585506447 0.656281234688878 0.20128191051331318 0.03161195492405677
1 0.3780139994510019 0.699828515433611 0.06060115289596485 0.022479176874081297
0 0.0656162503431238 0.8492944634982851 0.1312325006862476 0.1603135717785399
0 0.19941531704639034 0.8817221950024499 0.06366730716442492 0.11592846643802057
1 0.24356025253911612 0.6917638412542871 0.09437825967609115 0.009103380695737462
0 0.20601701894043373 0.7091058304752573 0.022141092506176213 0.02385595296423315
1 0.2319571781498765 0.8108623223909848 0.045050782322261895 0.01769720725134738
1 0.36622838320065876 0.5887481626653601 0.06006587976942074 0.014664380205781313
0 0.2657987922042273 0.8488853503184715 0.06615701345045294 0.229421852033317
0 0.31893357123250066 0.7092699657030868 0.05307987922042273 0.06190102890739835
1 0.21097309909415318 0.7306442920137188 0.18907219324732363 0.03338069573738356
1 0.05402415591545429 0.9603037726604606 0.10511666209168267 0.009103380695737351
