0 0.3362626955805655 0.6178368446839784 0.03865769969805111 0.062190102890739785
0 0.13218226736206423 0.7342552670259677 0.07212736755421355 0.06017148456638899
0 0.37858770244304146 0.6861146496815287 0.007573428493000245 0.015952964233219125
0 0.01807438923963766 0.8075943165115139 0.03614877847927532 0.027202351788339074
0 0.35590721932473235 0.9299265066144047 0.045528410650562734 0.14014698677119053
0 0.27916689541586603 0.5964086232239099 0.05877847927532251 0.0508966193042627
0 0.4017293439472962 0.6450269475747182 0.016909140818007096 0.13101420872121516
0 0.21783557507548723 0.6513400293973542 0.04037606368377711 0.03428221460068581
0 0.15634641778753772 0.9635913767760902 0.023573977491078785 0.0652915237628614
0 0.5384298654954708 0.8817001469867711 0.06527587153444969 0.22582067613914758
0 0.288081251715619 0.9416144047035767 0.02309634916277792 0.0562518373346399
0 0.2570354103760637 0.7745271925526702 0.11435629975295089 0.17884370406663397
0 0.39773538292615973 0.5567123958843704 0.008701619544331574 0.020244977951984433
