0 0.2148109589041096 0.7606678082191781 0.05783561643835616 0.08228473581213303
0 0.3164890410958904 0.6770841487279844 0.01733972602739725 0.033816046966731794
0 0.4064972602739726 0.6730503913894325 0.017964383561643815 0.04196183953033272
0 0.36936986301369856 0.6689163405088063 0.01240547945205478 0.03498532289628187
0 0.32346438356164386 0.5887720156555774 0.057673972602739765 0.10210371819960862
0 0.2980739726027397 0.6602299412915851 0.02648219178082184 0.038483365949119386
0 0.1235931506849315 0.9080234833659491 0.11989863013698629 0.16876712328767118
1 0.25247260273972605 0.7021453033268101 0.2853835616438356 0.024476516634050927
0 0.3691205479452055 0.5299804305283757 0.0033424657534246727 0.007729941291585107
2 0.4035931506849315 0.8425342465753425 0.08698356164383564 0.30982387475538165
0 0.3875082191780822 0.6243126223091977 0.019624657534246637 0.0903767123287672
