0 0.3619260273972603 0.5882803326810176 0.005550684931506844 0.01632583170254409
0 0.3655068493150685 0.6372431506849315 0.007523287671232837 0.020151663405088005
0 0.33155890410958905 0.5489212328767124 0.004898630136986326 0.011081213307240656
0 0.23103287671232875 0.9596624266144814 0.03761643835616438 0.07556751467710376
0 0.30532328767123285 0.6229696673189824 0.012224657534246619 0.01679060665362031
0 0.3814945205479452 0.7585714285714286 0.010342465753424679 0.0528962818003913
0 0.17131780821917808 0.890812133072407 0.1119068493150685 0.21326810176125255
0 0.2433972602739726 0.6040215264187867 0.10024109589041091 0.07580234833659483
0 0.3376 0.560875733855186 0.007835616438356174 0.006996086105675148
0 0.3253068493150685 0.6817441291585127 0.055013698630137 0.07220645792563596
