0 0.2043508097721658 0.6494243018128368 0.018391435629975278 0.019309162175404238
0 0.13157836947570684 0.8394879960803527 0.09055174306889925 0.11396864282214603
2 0.33030057644798244 0.5878074473297403 0.034628053801811665 0.05714355707986274
0 0.22740049409827065 0.6116389024987752 0.018391435629975306 0.014272415482606715
0 0.05193933571232501 0.9382557569818717 0.07295909964315125 0.09487506124448786
0 0.1399039253362613 0.9479127878490936 0.03814987647543232 0.09907888290053901
2 0.40941531704639034 0.7934835864772171 0.16716991490529787 0.3973542381185693
0 0.2097598133406533 0.868985791278785 0.09224540214109248 0.08228319451249377
0 0.15237029920395279 0.6729348358647722 0.039563546527587146 0.04282214600685941
2 0.24503980236069173 0.6998015678588927 0.13082075212736755 0.1973101420872122
