2 0.43676777381279164 0.56078147966683 0.008836124073565765 0.006746692797648279
0 0.6507644798243206 0.9827584517393435 0.0325034312379906 0.02938755512003921
0 0.13919846280538017 0.7333880450759431 0.042382651660719195 0.041141597256247
2 0.10902278342025803 0.939282214600686 0.10668679659621191 0.11486036256736898
2 0.22671836398572603 0.7972146006859383 0.14112270107054625 0.2095688388045076
3 0.3934531979138073 0.7841842234198921 0.03146856986000551 0.015110240078393011
0 0.18741559154542958 0.9634443900048996 0.06167169914905299 0.07136697697207262
2 0.4489843535547625 0.8228074473297404 0.07573428493000273 0.3492895639392454
1 0.31492039527861654 0.913079372856443 0.19146033488882788 0.03272415482606561
2 0.29913670052154817 0.6149975502204802 0.07437002470491355 0.06129348358647713
0 0.5771465824869613 0.8530328270455658 0.03768048311830907 0.08228319451249388
0 0.20082212462256382 0.678811856932876 0.04050233324183364 0.032743753062224434
