0 0.2914520547945206 0.6578131115459882 0.07758356164383562 0.14525440313111548
0 0.46589315068493153 0.9751956947162427 0.020219178082191813 0.04785714285714282
0 0.08597808219178081 0.8139872798434442 0.1706794520547945 0.11502935420743632
0 0.44873287671232875 0.681323385518591 0.008463013698630117 0.02603228962818005
0 0.40892602739726025 0.5478424657534247 0.00492602739726028 0.025753424657534163
0 0.49245890410958904 0.8572455968688846 0.08275342465753427 0.28550880626223085
0 0.4386232876712329 0.9059271037181996 0.026802739726027425 0.1528131115459883
1 0.28486986301369865 0.772424168297456 0.11425479452054793 0.08060176125244611
0 0.3974972602739726 0.5461423679060666 0.0043808219178081975 0.022353228962817995
0 0.1271205479452055 0.9546232876712328 0.04984109589041098 0.08227984344422701
2 0.404313698630137 0.5135885518590998 0.014693150684931489 0.047617416829745574
0 0.35940273972602743 0.5371526418786693 0.011999999999999955 0.034500978473581245
0 0.4161493150684932 0.5857436399217222 0.01333424657534249 0.053933463796477454
0 0.4282780821917808 0.6565533268101762 0.05030958904109584 0.12594422700587093
