0 0.23054794520547944 0.7932485322896282 0.015835616438356154 0.03913894324853229
0 0.4219041095890411 0.8152152641878669 0.038767123287671235 0.36956947162426623
0 0.18307808219178082 0.6636961839530332 0.06675890410958907 0.05626712328767125
1 0.23887671232876714 0.8627690802348337 0.3504109589041096 0.03776908023483361
1 0.48517260273972607 0.8702397260273973 0.13870684931506855 0.03106653620352251
0 0.41291095890410956 0.5487157534246576 0.010068493150684976 0.01214774951076325
0 0.27076301369863015 0.7077739726027398 0.06535616438356165 0.09739726027397255
0 0.38549041095890413 0.6053375733855185 0.009873972602739756 0.047015655577299365
0 0.2635753424657534 0.6018248532289628 0.09800000000000003 0.06411937377690813
0 0.421741095890411 0.5742270058708414 0.009821917808219172 0.018463796477495076
0 0.42106027397260276 0.6045963796477496 0.011183561643835604 0.017979452054794565
0 0.11089863013698631 0.7543737769080235 0.04466849315068494 0.044500978473581254
0 0.39888493150684934 0.5557607632093933 0.00492602739726028 0.0320694716242661
