0 0.38772602739726025 0.7367979452054795 0.017315068493150676 0.03846868884540111
0 0.36136575342465754 0.6000269080234835 0.02698356164383564 0.03199119373776915
0 0.41753287671232875 0.5884466731898239 0.018364383561643827 0.0643786692759295
0 0.4352191780821918 0.5641536203522505 0.010657534246575395 0.02632093933463797
0 0.450086301369863 0.7437842465753425 0.015345205479452062 0.07579745596868892
0 0.4360369863013699 0.8874535225048924 0.02633150684931501 0.21494618395303333
0 0.4256958904109589 0.6542441291585127 0.01609863013698626 0.06316536203522505
0 0.38950000000000007 0.5719496086105675 0.010550684931506848 0.00787181996086106
0 0.4021109589041096 0.6651810176125245 0.02788767123287672 0.08989236790606658
0 0.4267109589041096 0.7311888454011741 0.03084657534246571 0.0923189823874756
