0 0.4771780821917808 0.6389212328767122 0.02209863013698632 0.041981409001956904
0 0.4351054794520548 0.563302348336595 0.0163260273972603 0.03643835616438351
0 0.37091506849315065 0.6196110567514677 0.017397260273972592 0.05037671232876717
0 0.2985041095890411 0.8652030332681018 0.07664109589041102 0.26280332681017615
0 0.6295205479452055 0.8782191780821917 0.044668493150684885 0.07052837573385518
0 0.44896712328767124 0.6439603718199609 0.023041095890410923 0.07724559686888466
0 0.5117383561643836 0.7283414872798435 0.04137808219178085 0.10999021526418795
0 0.3861958904109589 0.7031555772994129 0.008463013698630117 0.04785714285714304
0 0.35234246575342465 0.6741878669275929 0.013167123287671223 0.021829745596868788
0 0.5206712328767124 0.8903913894324853 0.053599999999999925 0.21074363992172218
