0 0.32380867416964043 0.5720970112689858 0.010664287674993111 0.03441450269475743
0 0.25068487510293713 0.862687408133268 0.11576447982432059 0.1821999020088193
0 0.2975953884161405 0.5293802057814797 0.01272577545978587 0.015389514943655147
0 0.2624320614877848 0.5949755022048016 0.014087290694482557 0.012959333659970595
0 0.23067252264617072 0.6026702596766291 0.014087290694482585 0.011337579617834326
0 0.055937414219050234 0.9164257716805488 0.10730167444413945 0.15700636942675172
2 0.19168954158660445 0.6350367466927977 0.06546527587153445 0.05597256246937776
0 0.37337633818281635 0.6052988731014208 0.01406533077134231 0.0319892209701127
0 0.3498956903650837 0.602466927976482 0.007032665385671155 0.04089661930426247
0 0.022570683502607738 0.7753674669279764 0.045141367005215476 0.051215090641842154
0 0.36645758989843535 0.6249387555120038 0.007941257205599794 0.027535521803037644
0 0.20482157562448533 0.9756197942185203 0.07484216305242933 0.04366487016168541
0 0.3339472961844634 0.7804042136207741 0.051792478726324476 0.12342479176874088
0 0.3466085643700247 0.5520529152376286 0.009527861652484204 0.013767760901518877
0 0.27230167444413944 0.5700734933855953 0.018849849025528387 0.02227339539441453
0 0.27082624210815265 0.5451714845663891 0.015448805929179243 0.015389514943655147
1 0.29772028547900087 0.5413228809407153 0.014743343398298137 0.012552670259676768
0 0.12426297007960473 0.6847158255756982 0.0717375789184738 0.058770210681038715
1 0.2358440845457041 0.8559725624693777 0.06256382102662641 0.02602645761881417
0 0.35280126269558054 0.7008084272415482 0.016071918748284342 0.027986281234688937
0 0.3764946472687346 0.6805169034786869 0.024337084820203192 0.051773640372366536
0 0.3522920669777656 0.9592479176874081 0.031095251166620874 0.07640862322390984
0 0.3545662915179797 0.6556785889269966 0.010192149327477418 0.028691817736403724
0 0.3621465824869613 0.5664282214600687 0.01973648092231678 0.023076923076923106
2 0.24485314301399946 0.5789808917197452 0.02883337908317321 0.023890249877511094
1 0.35817320889376886 0.8500930916217541 0.07013724951962663 0.015952964233219014
