0 0.3097200109799616 0.7324424301812837 0.040971726598956926 0.07997550220480154
0 0.4039116113093604 0.6068397844194022 0.004990392533626153 0.010935815776580093
0 0.3033626132308537 0.5972684958353749 0.018166346417787582 0.025982361587457148
0 0.3540804282185012 0.6318814306712397 0.00955531155640954 0.028182263596276402
0 0.43265715069997257 0.5961170994610485 0.021778753774361725 0.03935815776580098
0 0.41520861926983255 0.6527731504164626 0.021506999725500908 0.07579617834394914
0 0.4468679659621191 0.8983733463988242 0.08185012352456772 0.14609505144536994
0 0.05264479824320614 0.8240666340029397 0.06590447433433982 0.09319941205291526
0 0.4630730167444414 0.6741915727584518 0.017449903925336296 0.043659970602645704
0 0.5997255009607466 0.9533684468397845 0.06486961295635463 0.08144536991670759
0 0.268796321712874 0.863530132288094 0.02874279440021954 0.07640862322390984
0 0.14249245127642055 0.7522782949534541 0.07719461981883065 0.08731994120529152
0 0.3438704364534724 0.6372243998040176 0.01309360417238542 0.03498775110240082
0 0.44213972001097995 0.757733953944145 0.03579741970903105 0.13685938265556108
